3 298 118 119
3 299 118 298
3 252 261 101
3 106 261 252
3 86 87 273
3 0 121 177
3 84 85 258
3 109 113 161
3 300 132 115
3 112 141 195
3 50 51 152
3 26 27 175
3 34 146 183
3 80 81 170
3 128 192 186
3 301 187 99
3 108 271 112
3 111 120 128
3 34 35 146
3 302 114 103
3 45 46 181
3 59 60 182
3 37 38 186
3 120 297 128
3 123 173 134
3 2 303 201
3 300 117 131
3 30 31 185
3 298 288 102
3 223 122 255
3 130 200 154
3 0 1 121
3 33 34 183
3 32 33 196
3 184 161 148
3 27 189 175
3 104 229 201
3 166 167 304
3 105 137 110
3 102 138 106
3 126 181 127
3 43 44 203
3 110 198 175
3 107 141 142
3 37 186 192
3 301 0 187
3 133 194 137
3 102 139 138
3 116 168 160
3 102 106 252
3 57 58 216
3 29 30 282
3 101 105 284
3 100 126 127
3 21 22 193
3 298 147 145
3 104 109 184
3 100 127 280
3 105 110 217
3 50 152 222
3 110 137 198
3 105 133 137
3 101 261 105
3 122 153 255
3 71 72 276
3 17 18 202
3 32 196 200
3 107 195 141
3 31 267 185
3 107 142 126
3 33 183 196
3 106 171 133
3 45 181 225
3 0 177 187
3 133 171 193
3 128 186 271
3 108 112 195
3 23 24 194
3 141 204 142
3 47 48 215
3 51 227 152
3 27 28 189
3 61 62 212
3 81 291 170
3 112 186 210
3 60 253 182
3 298 119 147
3 126 142 219
3 97 98 213
3 138 197 171
3 146 292 183
3 151 152 280
3 123 135 173
3 118 150 119
3 83 84 258
3 302 136 114
3 19 20 197
3 109 161 184
3 282 30 185
3 305 153 122
3 63 64 218
3 126 219 203
3 246 172 200
3 134 164 268
3 108 111 271
3 124 296 214
3 40 41 204
3 54 55 223
3 1 184 121
3 15 16 209
3 100 107 126
3 28 29 190
3 93 94 232
3 3 4 226
3 59 182 245
3 29 282 190
3 35 36 191
3 113 214 296
3 25 26 198
3 49 50 222
3 42 43 219
3 123 278 161
3 290 298 145
3 87 88 259
3 31 32 267
3 174 247 216
3 69 70 243
3 85 86 273
3 108 187 177
3 95 96 242
3 130 246 200
3 112 210 141
3 13 14 224
3 26 175 198
3 36 37 192
3 5 6 230
3 76 77 263
3 7 8 231
3 111 128 271
3 51 52 227
3 11 12 228
3 201 229 2
3 9 10 233
3 46 235 181
3 108 177 111
3 38 39 210
3 107 205 195
3 126 203 225
3 126 225 181
3 89 90 257
3 24 25 199
3 216 245 129
3 305 152 153
3 22 23 208
3 104 201 284
3 106 138 171
3 125 129 182
3 303 251 201
3 299 156 118
3 125 253 212
3 46 47 235
3 99 195 205
3 74 75 277
3 28 190 189
3 39 40 211
3 44 45 225
3 304 125 165
3 22 208 193
3 111 177 180
3 101 284 201
3 38 210 186
3 87 259 273
3 35 191 146
3 148 180 177
3 164 173 185
3 58 59 245
3 43 203 219
3 41 42 221
3 18 19 220
3 91 92 269
3 106 133 261
3 99 187 108
3 20 21 289
3 160 168 243
3 129 245 182
3 138 139 202
3 64 65 238
3 56 57 247
3 304 167 116
3 16 17 294
3 32 268 267
3 78 79 237
3 122 174 129
3 104 184 229
3 133 208 194
3 121 184 148
3 139 140 209
3 80 170 237
3 113 123 161
3 48 49 241
3 298 290 288
3 60 61 253
3 24 199 194
3 53 54 255
3 128 297 146
3 120 180 246
3 116 160 117
3 158 278 172
3 62 63 249
3 14 15 234
3 99 108 195
3 3 250 98
3 102 288 139
3 135 190 282
3 134 268 278
3 104 217 109
3 52 53 256
3 36 192 191
3 65 66 239
3 21 193 289
3 154 200 196
3 111 180 120
3 12 13 254
3 290 224 140
3 44 225 203
3 55 56 248
3 4 5 260
3 96 97 265
3 122 223 174
3 10 11 262
3 105 261 133
3 18 220 202
3 134 173 164
3 66 67 240
3 6 7 264
3 125 182 253
3 58 245 216
3 8 9 266
3 70 71 275
3 94 95 272
3 157 295 163
3 57 216 247
3 115 136 302
3 67 68 244
3 173 282 185
3 137 199 198
3 119 149 147
3 23 194 208
3 20 289 197
3 85 273 258
3 158 246 180
3 105 217 284
3 100 205 107
3 25 198 199
3 68 69 281
3 103 114 143
3 82 83 291
3 124 190 135
3 109 214 113
3 40 204 211
3 145 224 290
3 90 91 279
3 151 222 152
3 152 227 153
3 300 131 132
3 119 150 149
3 158 161 278
3 92 93 274
3 88 89 287
3 17 202 294
3 47 215 235
3 101 251 252
3 101 201 251
3 1 229 184
3 42 219 221
3 123 296 135
3 125 212 165
3 19 197 220
3 62 249 212
3 128 146 191
3 164 185 267
3 72 286 276
3 73 74 285
3 113 296 123
3 75 76 283
3 16 294 209
3 41 221 204
3 145 147 228
3 129 174 216
3 39 211 210
3 77 78 270
3 48 241 215
3 305 280 152
3 118 188 150
3 61 212 253
3 127 151 280
3 127 235 215
3 127 215 151
3 71 276 275
3 64 238 218
3 97 213 265
3 72 73 286
3 158 172 246
3 139 288 140
3 49 222 241
3 147 149 233
3 54 223 255
3 55 248 223
3 141 210 211
3 124 214 293
3 98 250 213
3 63 218 249
3 150 188 230
3 15 209 234
3 165 218 166
3 299 157 156
3 120 246 130
3 138 220 197
3 149 150 231
3 133 193 208
3 14 234 224
3 144 269 274
3 124 135 296
3 128 191 192
3 110 293 214
3 166 239 167
3 3 226 250
3 121 148 177
3 124 189 190
3 32 200 268
3 127 181 235
3 52 256 227
3 12 254 228
3 93 232 274
3 4 260 226
3 110 214 217
3 13 224 254
3 154 196 183
3 160 243 275
3 5 230 260
3 10 262 233
3 7 231 264
3 11 228 262
3 8 266 231
3 95 242 272
3 6 264 230
3 9 233 266
3 96 265 242
3 112 271 186
3 156 157 213
3 164 267 268
3 144 179 269
3 156 226 188
3 304 165 166
3 94 272 232
3 143 179 144
3 56 247 248
3 157 163 242
3 109 217 214
3 131 169 132
3 148 158 180
3 53 255 256
3 65 239 238
3 172 278 268
3 70 275 243
3 110 175 293
3 299 295 157
3 144 274 232
3 124 293 189
3 154 183 292
3 120 130 297
3 137 194 199
3 69 243 281
3 175 189 293
3 83 258 291
3 156 213 250
3 167 244 168
3 89 257 287
3 66 240 239
3 166 238 239
3 159 160 207
3 142 204 221
3 148 161 158
3 123 134 278
3 118 156 188
3 90 279 257
3 156 250 226
3 91 269 279
3 88 287 259
3 104 284 217
3 75 283 277
3 117 159 131
3 138 202 220
3 67 244 240
3 92 274 269
3 143 155 178
3 162 258 176
3 160 276 207
3 171 197 289
3 171 289 193
3 144 163 295
3 68 281 244
3 114 155 143
3 130 154 292
3 159 206 169
3 141 211 204
3 103 143 144
3 117 160 159
3 178 257 179
3 76 263 283
3 165 249 218
3 77 270 263
3 142 221 219
3 144 232 163
3 74 277 285
3 155 273 259
3 167 240 244
3 174 248 247
3 162 291 258
3 140 288 290
3 153 256 255
3 135 282 173
3 167 239 240
3 116 167 168
3 130 292 297
3 165 212 249
3 159 277 206
3 139 294 202
3 170 236 237
3 73 285 286
3 114 136 155
3 139 209 294
3 78 237 270
3 207 277 159
3 157 242 265
3 140 234 209
3 143 178 179
3 206 263 236
3 146 297 292
3 132 169 170
3 103 144 295
3 162 170 291
3 157 265 213
3 151 215 241
3 168 244 281
3 151 241 222
3 160 275 276
3 174 223 248
3 166 218 238
3 153 227 256
3 131 159 169
3 140 224 234
3 169 206 236
3 136 176 155
3 145 254 224
3 115 162 136
3 155 259 178
3 145 228 254
3 147 262 228
3 155 176 273
3 150 230 264
3 149 266 233
3 147 233 262
3 188 226 260
3 188 260 230
3 207 276 286
3 150 264 231
3 149 231 266
3 115 132 162
3 169 236 170
3 136 162 176
3 163 272 242
3 163 232 272
3 207 286 285
3 172 268 200
3 206 283 263
3 168 281 243
3 178 287 257
3 179 279 269
3 176 258 273
3 179 257 279
3 206 277 283
3 178 259 287
3 132 170 162
3 207 285 277
3 236 263 270
3 236 270 237
3 301 205 305
3 301 99 205
3 1 2 229
3 303 298 252
3 303 252 251
3 298 102 252
3 299 302 103
3 299 103 295
3 302 300 115
3 300 304 117
3 304 305 122
3 304 116 117
3 304 122 125
3 305 205 100
3 305 100 280
3 122 129 125
3 79 80 237
3 81 82 291
4 306 307 308 309
4 307 310 311 308
4 310 312 313 311
4 312 314 315 313
4 314 316 317 315
4 309 308 318 319
4 308 311 300 318
4 311 313 304 300
4 313 315 305 304
4 315 317 301 305
4 319 318 320 321
4 318 300 302 320
4 321 320 322 323
4 320 302 324 322
4 302 299 325 324
4 299 298 326 325
4 298 303 327 326
4 323 322 328 329
4 322 324 330 328
4 324 325 331 330
4 325 326 332 331
4 326 327 333 332