1.1 -0.0607553864481 0
1.1 0.0197450119858 0
1.1 0.115354612732 0
0.33928000927 0.113609999418 0
0.370590001345 0.1134499982 0
0.402449995279 0.112479999661 0
0.434740006924 0.110760003328 0
0.467299997807 0.108369998634 0
0.5 0.105379998684 0
0.532700002193 0.101850003004 0
0.565259993076 0.0978500023484 0
0.597549974918 0.093410000205 0
0.629410028458 0.0885799974203 0
0.66071999073 0.0834100022912 0
0.69134002924 0.0779500007629 0
0.721140027046 0.0722699984908 0
0.75 0.0664199963212 0
0.777790009975 0.0604799985886 0
0.804379999638 0.0545299984515 0
0.829670011997 0.0486299991608 0
0.85355001688 0.0428300015628 0
0.875919997692 0.0371700003743 0
0.896679997444 0.0317099988461 0
0.915729999542 0.0265200007707 0
0.933009982109 0.0216600000858 0
0.948440015316 0.0171600002795 0
0.96193999052 0.013030000031 0
0.97346997261 0.00932000018656 0
0.982959985733 0.00609999988228 0
0.990390002728 0.00349000003189 0
0.995720028877 0.00156000000425 0
0.998929977417 0.000390000001062 0
1.0 0.0 0
0.998929977417 -0.000110000000859 0
0.995720028877 -0.000419999996666 0
0.990390002728 -0.000920000020415 0
0.982959985733 -0.00156000000425 0
0.97346997261 -0.00227000005543 0
0.96193999052 -0.00297000003047 0
0.948440015316 -0.00364000000991 0
0.933009982109 -0.00431000022218 0
0.915729999542 -0.00502000004053 0
0.896679997444 -0.00583000015467 0
0.875919997692 -0.00674000009894 0
0.85355001688 -0.00774999987334 0
0.829670011997 -0.00886000040919 0
0.804379999638 -0.0100600002334 0
0.777790009975 -0.0113599998876 0
0.75 -0.0127699999139 0
0.721140027046 -0.0142999999225 0
0.69134002924 -0.0159600004554 0
0.66071999073 -0.0177200008184 0
0.629410028458 -0.0195799991488 0
0.597549974918 -0.0214900001884 0
0.565259993076 -0.0233999993652 0
0.532700002193 -0.0252899993211 0
0.5 -0.0271300002933 0
0.467299997807 -0.0289099998772 0
0.434740006924 -0.0306299999356 0
0.402449995279 -0.0322900004685 0
0.370590001345 -0.033900000155 0
0.33928000927 -0.0354700013995 0
0.308660000563 -0.0370000004768 0
0.278860002756 -0.038449998945 0
0.25 -0.0397399999201 0
0.222210004926 -0.0407800003886 0
0.195620000362 -0.0414699986577 0
0.170330002904 -0.0417700000107 0
0.146449998021 -0.0416599996388 0
0.124080002308 -0.041060000658 0
0.103320002556 -0.0399099998176 0
0.0842700004578 -0.0381699986756 0
0.0669900029898 -0.0358199998736 0
0.0515599995852 -0.0328099988401 0
0.0380599983037 -0.029149999842 0
0.0265299994498 -0.0250199995935 0
0.0170399993658 -0.0206099990755 0
0.00961000006646 -0.0159000009298 0
0.00427999999374 -0.0110200000927 0
0.00106999999844 -0.00565999979153 0
0.0 0.000750000006519 0
0.00106999999844 0.0082499999553 0
0.00427999999374 0.0165400002152 0
0.00961000006646 0.0248900000006 0
0.0170399993658 0.033029999584 0
0.0265299994498 0.0411799997091 0
0.0380599983037 0.0493699982762 0
0.0515599995852 0.0575300008059 0
0.0669900029898 0.0654100030661 0
0.0842700004578 0.0728299990296 0
0.103320002556 0.0797000005841 0
0.124080002308 0.0860700011253 0
0.146449998021 0.0919499993324 0
0.170330002904 0.0972599983215 0
0.195620000362 0.1018999964 0
0.222210004926 0.10583999753 0
0.25 0.109030000865 0
0.278860002756 0.11140999943 0
0.308660000563 0.112939998507 0
1.00718268744 -0.107190993526 0
0.859611001656 -0.136329305403 0
0.973814623669 0.155270490797 0
0.822655157771 0.198589035768 0
0.0867736222239 0.236344032634 0
1.02727529213 0.0725727435823 0
0.959691169425 0.0844430349596 0
0.880490935051 0.136584872072 0
0.918861948051 -0.0846342512707 0
1.00249436336 -0.0556883302766 0
1.01492574252 0.03698971703 0
0.975517791574 0.0438222322955 0
1.00271353327 -0.0269377073172 0
0.970471344112 -0.0375133602099 0
1.00595204239 0.0211999962958 0
-0.0196284964138 0.173652214723 0
-0.114962191468 0.0487029151598 0
0.136331116649 -0.118123787167 0
0.0439054425764 -0.12780147571 0
0.390493351936 0.243471404185 0
0.527967866676 0.201295836987 0
1.00182997568 -0.0139590313352 0
1.05941508362 -0.00937808154105 0
0.536930890358 -0.133331582582 0
1.00300838086 0.0101296806838 0
0.990749261246 0.0184989231504 0
0.360024229562 -0.136177640752 0
0.866045344914 -0.0662977530103 0
0.794664525836 -0.0839249635138 0
0.988937060139 -0.0148552966413 0
0.446651810352 -0.0978730865547 0
1.0010824803 -0.00725330149772 0
-0.0447487409096 -0.0865711824052 0
-0.0727681478897 -0.0372653166259 0
0.917555753318 0.0707781950717 0
1.00190885244 0.00488045960085 0
0.995236268454 0.00955984014284 0
-0.0567133833208 0.115844711934 0
0.947529522453 0.0498781962476 0
0.831525606997 0.108969236533 0
0.777481511374 0.128173449072 0
0.728945767107 0.13664543237 0
0.94159749661 -0.0365750023392 0
0.907609081318 -0.0428858134871 0
0.0626976862379 0.159812659447 0
0.136520442795 0.160835499912 0
0.65465751153 0.150774056929 0
0.993415023977 -0.00573861172673 0
0.590825499115 0.162138782205 0
1.02968505296 -0.00360992498918 0
0.522766916196 0.162066489608 0
0.455831199555 0.174292197283 0
0.73911929746 -0.0720942239849 0
0.679322661472 -0.0741247134486 0
0.623615927096 -0.0869010718812 0
0.999744804592 -0.00361587390275 0
0.0105758281737 0.110087402238 0
0.323514794773 0.188465594051 0
0.250405845321 0.182619885531 0
1.01166415571 -0.00230075103484 0
0.0150833176552 -0.0754856814119 0
0.0762135180689 -0.085208756091 0
1.01652925419 0.012708914485 0
-0.0432476393888 0.0374221494939 0
0.19730012761 0.164519486337 0
0.999893041014 0.00293584823995 0
0.290857385215 -0.100891458422 0
0.241173010053 -0.09341562037 0
0.188934927973 -0.0935846926133 0
0.134133580177 -0.0870334311695 0
-0.0251714932652 -0.0487921216209 0
-0.0206932344656 -0.00721479700591 0
0.873179395225 0.0838618701743 0
1.00622694432 -0.00131237541082 0
0.997836978336 0.00528970841729 0
0.498600422501 -0.0807862695558 0
0.972563560105 0.0227341414125 0
-0.0126072150557 0.0733220641415 0
1.03455469095 -0.0335940979255 0
0.0574886215748 0.11136840719 0
0.0962654908181 0.125133570142 0
1.0146667923 -0.0149683062327 0
0.819626012366 -0.0468256608897 0
0.389270000659 -0.0875143016524 0
0.997473827112 -0.00281787856793 0
1.04326887311 0.0277189554385 0
0.997910467989 0.00258124958255 0
0.972183565846 -0.0167994513199 0
1.05084480409 -0.0800911873871 0
0.388477074903 0.177245970337 0
0.98214792706 0.0156734577235 0
0.989215407023 0.00965491152222 0
0.986894132872 -0.00647772269456 0
0.979850403854 -0.00884418929589 0
0.891122735716 0.0555704704895 0
0.928445372288 0.0411007981853 0
0.967144055703 -0.0791511771635 0
0.99963197577 -0.00167936296214 0
0.847332106478 0.0701201556895 0
0.958392294372 0.0297514183378 0
0.943163437308 0.0319100826272 0
1.00258017977 -0.00272832388285 0
1.03547704306 0.149939267801 0
0.79818669971 0.0892418035141 0
0.86506568828 -0.0275005318258 0
0.924808665194 -0.0215157791884 0
0.936969613747 -0.144061056722 0
0.00504815224396 -0.0435111655159 0
0.0398157510166 -0.0587574211787 0
0.909906771662 0.0451358926727 0
0.74209578862 0.101538779106 0
0.955982257283 -0.0189699816738 0
0.940767683303 -0.0170021526867 0
0.3250383458 -0.072807878247 0
0.291807730411 0.150199648652 0
0.995505213609 0.0316007970793 0
0.765589733984 -0.0454667976563 0
0.456192609982 -0.0679134572628 0
0.998726811452 0.0582099348101 0
0.26550375469 -0.0671853391873 0
0.887210373028 -0.0270535665826 0
0.822218884964 0.0742982386697 0
0.906407623305 -0.0204610318907 0
0.708113973507 -0.0487706928422 0
0.539100559462 -0.0616013772428 0
0.685080482693 0.122680931948 0
0.842602708884 -0.029661339564 0
0.355211974324 0.150639619472 0
0.647133578383 -0.0534708972284 0
0.618259369961 0.123929112073 0
1.07159787687 0.069951621758 0
0.420357918092 0.142836900645 0
0.486453009445 0.137232270372 0
0.176773844527 0.1333789871 0
0.552763617852 0.130418437729 0
0.713019023936 0.102005366144 0
0.792311170587 -0.0357898032065 0
-0.00924871008945 -0.0311469802875 0
-0.00409622965806 -0.0125535477924 0
0.23768562463 -0.0612766450388 0
0.209541353481 -0.065262265328 0
0.184543042497 -0.0611487701375 0
0.736792606399 -0.0386803428639 0
0.232155805305 0.141838778137 0
0.111415563747 -0.0656059589636 0
0.158857821044 -0.0639831919864 0
0.425860884639 -0.0632441691748 0
1.00668792342 -0.00775024629763 0
0.488010027635 -0.0519021592508 0
0.511682202358 -0.0493419611328 0
0.295048657949 -0.0642091343199 0
0.323593789638 0.142842413562 0
1.0051476692 0.204582198287 0
0.912347578997 0.207796694671 0
0.356359792244 -0.0630990341109 0
0.649702566103 0.114080465261 0
0.579601806086 -0.0625289876533 0
0.615462262988 -0.04879419122 0
0.0852739905294 0.0995308051785 0
-0.00295829219886 0.0447411571484 0
0.0455186458826 0.0826363006885 0
0.387422866293 0.142620062572 0
0.928780012092 0.130974657514 0
0.585435719019 0.124943581868 0
0.00616271176741 -0.0288504637819 0
0.453226365597 0.139623170686 0
0.261420175462 0.137999542983 0
0.518936709137 0.127389439879 0
0.999874038411 0.00131728825262 0
1.00238824497 0.000893034959251 0
0.127443809489 0.113736317887 0
0.00134155441602 -0.0198941985769 0
0.987359973347 -0.030358829153 0
0.204811956546 0.129495449101 0
0.0223827091629 0.0655524175725 0
0.153603137966 0.116132366349 0
0.0879631163497 -0.0584574088793 0
0.066664444724 -0.0586179476179 0
0.0261791322913 -0.0439869955731 0
1.00695430542 0.00416649388055 0
0.10727665914 0.100834138983 0
0.750543497285 -0.10529464127 0
0.134708273971 -0.0621166396648 0
0.994220326905 0.00514203635558 0
0.0165126737692 -0.0324070858008 0
0.998996987949 0.10408709439 0
0.041675608208 -0.0432759936712 0
0.0542853034523 -0.046409809769 0
0.0679082522869 0.0863551030305 0
0.74732872089 0.182164152829 0
0.868220850398 0.0579104996581 0
0.699069997477 0.182196967572 0
-0.00865652766577 0.0207714183012 0
0.997705325325 -0.00585749962197 0
0.983670598825 0.0266998556706 0
0.769110801936 0.0891708053205 0
0.18620000759 0.200863780883 0
0.998090233313 0.0181978474704 0
0.996655835245 -0.00962677223605 0
0.68 0.26 0
0.26 0.26 0
-0.16 -0.16 0
1.1 -0.16 0
-0.16 0.26 0
1.1 0.26 0
0.26 -0.16 0
0.68 -0.16 0
-1.0 -1.0 0
-0.58 -1.0 0
-0.58 -0.58 0
-1.0 -0.58 0
-0.16 -1.0 0
-0.16 -0.58 0
0.26 -1.0 0
0.26 -0.58 0
0.68 -1.0 0
0.68 -0.58 0
1.1 -1.0 0
1.1 -0.58 0
-0.58 -0.16 0
-1.0 -0.16 0
-0.58 0.26 0
-1.0 0.26 0
-0.58 0.68 0
-1.0 0.68 0
-0.16 0.68 0
0.26 0.68 0
0.68 0.68 0
1.1 0.68 0
-0.58 1.1 0
-1.0 1.1 0
-0.16 1.1 0
0.26 1.1 0
0.68 1.1 0
1.1 1.1 0