0.5 0.7 0
0.512558 0.699605 0
0.525067 0.698423 0
0.537476 0.696457 0
0.549738 0.693717 0
0.561803 0.690211 0
0.573625 0.685955 0
0.585156 0.680965 0
0.596351 0.675261 0
0.607165 0.668866 0
0.617557 0.661803 0
0.627485 0.654103 0
0.636909 0.645794 0
0.645794 0.636909 0
0.654103 0.627485 0
0.661803 0.617557 0
0.668866 0.607165 0
0.675261 0.596351 0
0.680965 0.585156 0
0.685955 0.573625 0
0.690211 0.561803 0
0.693717 0.549738 0
0.696457 0.537476 0
0.698423 0.525067 0
0.699605 0.512558 0
0.7 0.5 0
0.699605 0.487442 0
0.698423 0.474933 0
0.696457 0.462524 0
0.693717 0.450262 0
0.690211 0.438197 0
0.685955 0.426375 0
0.680965 0.414844 0
0.675261 0.403649 0
0.668866 0.392835 0
0.661803 0.382443 0
0.654103 0.372515 0
0.645794 0.363091 0
0.636909 0.354206 0
0.627485 0.345897 0
0.617557 0.338197 0
0.607165 0.331134 0
0.596351 0.324739 0
0.585156 0.319035 0
0.573625 0.314045 0
0.561803 0.309789 0
0.549738 0.306283 0
0.537476 0.303543 0
0.525067 0.301577 0
0.512558 0.300395 0
0.5 0.3 0
0.487442 0.300395 0
0.474933 0.301577 0
0.462524 0.303543 0
0.450262 0.306283 0
0.438197 0.309789 0
0.426375 0.314045 0
0.414844 0.319035 0
0.403649 0.324739 0
0.392835 0.331134 0
0.382443 0.338197 0
0.372515 0.345897 0
0.363091 0.354206 0
0.354206 0.363091 0
0.345897 0.372515 0
0.338197 0.382443 0
0.331134 0.392835 0
0.324739 0.403649 0
0.319035 0.414844 0
0.314045 0.426375 0
0.309789 0.438197 0
0.306283 0.450262 0
0.303543 0.462524 0
0.301577 0.474933 0
0.300395 0.487442 0
0.3 0.5 0
0.300395 0.512558 0
0.301577 0.525067 0
0.303543 0.537476 0
0.306283 0.549738 0
0.309789 0.561803 0
0.314045 0.573625 0
0.319035 0.585156 0
0.324739 0.596351 0
0.331134 0.607165 0
0.338197 0.617557 0
0.345897 0.627485 0
0.354206 0.636909 0
0.363091 0.645794 0
0.372515 0.654103 0
0.382443 0.661803 0
0.392835 0.668866 0
0.403649 0.675261 0
0.414844 0.680965 0
0.426375 0.685955 0
0.438197 0.690211 0
0.450262 0.693717 0
0.462524 0.696457 0
0.474933 0.698423 0
0.487442 0.699605 0
0.68392 0.269389 0
0.277156 0.680679 0
0.730611 0.68392 0
0.269389 0.31608 0
0.772506 0.500014 0
0.495706 0.769022 0
0.500014 0.227494 0
0.227494 0.499986 0
0.331892 0.734369 0
0.669479 0.734995 0
0.327394 0.270043 0
0.729957 0.327394 0
0.619536 0.269952 0
0.648912 0.305024 0
0.673741 0.334205 0
0.57261 0.266465 0
0.532489 0.259702 0
0.471579 0.255067 0
0.429128 0.266412 0
0.388444 0.28106 0
0.269903 0.38056 0
0.265685 0.427091 0
0.259605 0.467474 0
0.255053 0.528415 0
0.26641 0.570871 0
0.28106 0.611556 0
0.305842 0.650605 0
0.337197 0.680037 0
0.306893 0.35338 0
0.334439 0.326545 0
0.730048 0.619536 0
0.694976 0.648912 0
0.664184 0.678895 0
0.733535 0.57261 0
0.740298 0.532489 0
0.744933 0.471579 0
0.733588 0.429128 0
0.71894 0.388444 0
0.397034 0.735432 0
0.443906 0.735734 0
0.602929 0.735952 0
0.554151 0.74226 0
0.512255 0.740001 0
0.288032 0.406363 0
0.301488 0.385258 0
0.617987 0.299317 0
0.594438 0.290503 0
0.700683 0.617987 0
0.709497 0.594438 0
0.373589 0.699618 0
0.624993 0.700916 0
0.69334 0.369546 0
0.369579 0.306701 0
0.481855 0.730522 0
0.578671 0.7152 0
0.420538 0.712121 0
0.278461 0.45048 0
0.669663 0.650172 0
0.650122 0.32972 0
0.331574 0.350917 0
0.549355 0.278952 0
0.721048 0.549355 0
0.332804 0.648095 0
0.314344 0.623453 0
0.709622 0.422707 0
0.718358 0.452536 0
0.452536 0.281642 0
0.422707 0.290378 0
0.281641 0.547463 0
0.290378 0.577293 0
0.636106 0.676931 0
0.500522 0.276462 0
0.723538 0.500522 0
0.364871 0.674814 0
0.276443 0.499471 0
0.532982 0.722934 0
0.293656 0.425712 0
0.62327 0.318614 0
0.681386 0.62327 0
0.600212 0.696676 0
0.400465 0.696883 0
0.301857 0.600959 0
0.321114 0.379226 0
0.307292 0.401844 0
0.439197 0.709284 0
0.574374 0.296912 0
0.703088 0.574374 0
0.59853 0.306624 0
0.693376 0.59853 0
0.560803 0.709284 0
0.347339 0.349237 0
0.650995 0.34698 0
0.652649 0.651862 0
0.287502 0.46487 0
0.712384 0.535093 0
0.535093 0.287616 0
0.327417 0.633439 0
0.399041 0.301857 0
0.698143 0.399041 0
0.347704 0.652296 0
0.479068 0.278567 0
0.721433 0.479068 0
0.278567 0.520932 0
0.67268 0.366055 0
0.366055 0.32732 0
0.2909 0.561434 0
0.438566 0.290901 0
0.709099 0.438566 0
0.507145 0.721095 0
0.465805 0.715899 0
0.316743 0.608051 0
0.30479 0.584704 0
0.291198 0.440924 0
0.293397 0.453812 0
0.634567 0.329765 0
0.640058 0.341136 0
0.670133 0.634576 0
0.658468 0.640201 0
0.621135 0.678245 0
0.378939 0.678136 0
0.304858 0.415554 0
0.317153 0.392562 0
0.68302 0.608238 0
0.608238 0.31698 0
0.585224 0.305424 0
0.694576 0.585224 0
0.330814 0.366414 0
0.341749 0.360312 0
0.708032 0.55901 0
0.706328 0.546134 0
0.55901 0.291968 0
0.546134 0.293672 0
0.659404 0.358014 0
0.358075 0.340649 0
0.415296 0.30479 0
0.683962 0.390406 0
0.69521 0.415296 0
0.390408 0.316041 0
0.641178 0.662473 0
0.629355 0.667056 0
0.359675 0.659167 0
0.285659 0.481257 0
0.290196 0.494963 0
0.28912 0.505585 0
0.518729 0.285697 0
0.505032 0.290208 0
0.494413 0.289126 0
0.714303 0.518729 0
0.709792 0.505032 0
0.710874 0.494413 0
0.710214 0.466866 0
0.466866 0.289786 0
0.289786 0.533134 0
0.583376 0.695935 0
0.571655 0.699317 0
0.417229 0.695397 0
0.428232 0.699344 0
0.492546 0.713695 0
0.522175 0.710235 0
0.45324 0.70841 0
0.380264 0.323878 0
0.67613 0.380257 0
0.608031 0.68267 0
0.391986 0.682642 0
0.544712 0.712295 0
0.533121 0.709119 0
0.480049 0.711057 0
0.2 0.4 0
0.8 0.6 0
0.6 0.2 0
0.8 0.4 0
0.4 0.2 0
0.2 0.6 0
0.6 0.8 0
0.8 0.8 0
0.2 0.8 0
0.2 0.2 0
0.8 0.2 0
0.4 0.8 0
0 0 0
0.2 0 0
0 0.2 0
0.4 0 0
0.6 0 0
0.8 0 0
1 0 0
1 0.2 0
0 0.4 0
1 0.4 0
0 0.6 0
1 0.6 0
0 0.8 0
1 0.8 0
0.2 1 0
0 1 0
0.4 1 0
0.6 1 0
0.8 1 0
1 1 0
0.5 0.7 0.0123117
0.512558 0.699605 0.0123117
0.525067 0.698423 0.0123117
0.537476 0.696457 0.0123117
0.549738 0.693717 0.0123117
0.561803 0.690211 0.0123117
0.573625 0.685955 0.0123117
0.585156 0.680965 0.0123117
0.596351 0.675261 0.0123117
0.607165 0.668866 0.0123117
0.617557 0.661803 0.0123117
0.627485 0.654103 0.0123117
0.636909 0.645794 0.0123117
0.645794 0.636909 0.0123117
0.654103 0.627485 0.0123117
0.661803 0.617557 0.0123117
0.668866 0.607165 0.0123117
0.675261 0.596351 0.0123117
0.680965 0.585156 0.0123117
0.685955 0.573625 0.0123117
0.690211 0.561803 0.0123117
0.693717 0.549738 0.0123117
0.696457 0.537476 0.0123117
0.698423 0.525067 0.0123117
0.699605 0.512558 0.0123117
0.7 0.5 0.0123117
0.699605 0.487442 0.0123117
0.698423 0.474933 0.0123117
0.696457 0.462524 0.0123117
0.693717 0.450262 0.0123117
0.690211 0.438197 0.0123117
0.685955 0.426375 0.0123117
0.680965 0.414844 0.0123117
0.675261 0.403649 0.0123117
0.668866 0.392835 0.0123117
0.661803 0.382443 0.0123117
0.654103 0.372515 0.0123117
0.645794 0.363091 0.0123117
0.636909 0.354206 0.0123117
0.627485 0.345897 0.0123117
0.617557 0.338197 0.0123117
0.607165 0.331134 0.0123117
0.596351 0.324739 0.0123117
0.585156 0.319035 0.0123117
0.573625 0.314045 0.0123117
0.561803 0.309789 0.0123117
0.549738 0.306283 0.0123117
0.537476 0.303543 0.0123117
0.525067 0.301577 0.0123117
0.512558 0.300395 0.0123117
0.5 0.3 0.0123117
0.487442 0.300395 0.0123117
0.474933 0.301577 0.0123117
0.462524 0.303543 0.0123117
0.450262 0.306283 0.0123117
0.438197 0.309789 0.0123117
0.426375 0.314045 0.0123117
0.414844 0.319035 0.0123117
0.403649 0.324739 0.0123117
0.392835 0.331134 0.0123117
0.382443 0.338197 0.0123117
0.372515 0.345897 0.0123117
0.363091 0.354206 0.0123117
0.354206 0.363091 0.0123117
0.345897 0.372515 0.0123117
0.338197 0.382443 0.0123117
0.331134 0.392835 0.0123117
0.324739 0.403649 0.0123117
0.319035 0.414844 0.0123117
0.314045 0.426375 0.0123117
0.309789 0.438197 0.0123117
0.306283 0.450262 0.0123117
0.303543 0.462524 0.0123117
0.301577 0.474933 0.0123117
0.300395 0.487442 0.0123117
0.3 0.5 0.0123117
0.300395 0.512558 0.0123117
0.301577 0.525067 0.0123117
0.303543 0.537476 0.0123117
0.306283 0.549738 0.0123117
0.309789 0.561803 0.0123117
0.314045 0.573625 0.0123117
0.319035 0.585156 0.0123117
0.324739 0.596351 0.0123117
0.331134 0.607165 0.0123117
0.338197 0.617557 0.0123117
0.345897 0.627485 0.0123117
0.354206 0.636909 0.0123117
0.363091 0.645794 0.0123117
0.372515 0.654103 0.0123117
0.382443 0.661803 0.0123117
0.392835 0.668866 0.0123117
0.403649 0.675261 0.0123117
0.414844 0.680965 0.0123117
0.426375 0.685955 0.0123117
0.438197 0.690211 0.0123117
0.450262 0.693717 0.0123117
0.462524 0.696457 0.0123117
0.474933 0.698423 0.0123117
0.487442 0.699605 0.0123117
0.68392 0.269389 0.0123117
0.277156 0.680679 0.0123117
0.730611 0.68392 0.0123117
0.269389 0.31608 0.0123117
0.772506 0.500014 0.0123117
0.495706 0.769022 0.0123117
0.500014 0.227494 0.0123117
0.227494 0.499986 0.0123117
0.331892 0.734369 0.0123117
0.669479 0.734995 0.0123117
0.327394 0.270043 0.0123117
0.729957 0.327394 0.0123117
0.619536 0.269952 0.0123117
0.648912 0.305024 0.0123117
0.673741 0.334205 0.0123117
0.57261 0.266465 0.0123117
0.532489 0.259702 0.0123117
0.471579 0.255067 0.0123117
0.429128 0.266412 0.0123117
0.388444 0.28106 0.0123117
0.269903 0.38056 0.0123117
0.265685 0.427091 0.0123117
0.259605 0.467474 0.0123117
0.255053 0.528415 0.0123117
0.26641 0.570871 0.0123117
0.28106 0.611556 0.0123117
0.305842 0.650605 0.0123117
0.337197 0.680037 0.0123117
0.306893 0.35338 0.0123117
0.334439 0.326545 0.0123117
0.730048 0.619536 0.0123117
0.694976 0.648912 0.0123117
0.664184 0.678895 0.0123117
0.733535 0.57261 0.0123117
0.740298 0.532489 0.0123117
0.744933 0.471579 0.0123117
0.733588 0.429128 0.0123117
0.71894 0.388444 0.0123117
0.397034 0.735432 0.0123117
0.443906 0.735734 0.0123117
0.602929 0.735952 0.0123117
0.554151 0.74226 0.0123117
0.512255 0.740001 0.0123117
0.288032 0.406363 0.0123117
0.301488 0.385258 0.0123117
0.617987 0.299317 0.0123117
0.594438 0.290503 0.0123117
0.700683 0.617987 0.0123117
0.709497 0.594438 0.0123117
0.373589 0.699618 0.0123117
0.624993 0.700916 0.0123117
0.69334 0.369546 0.0123117
0.369579 0.306701 0.0123117
0.481855 0.730522 0.0123117
0.578671 0.7152 0.0123117
0.420538 0.712121 0.0123117
0.278461 0.45048 0.0123117
0.669663 0.650172 0.0123117
0.650122 0.32972 0.0123117
0.331574 0.350917 0.0123117
0.549355 0.278952 0.0123117
0.721048 0.549355 0.0123117
0.332804 0.648095 0.0123117
0.314344 0.623453 0.0123117
0.709622 0.422707 0.0123117
0.718358 0.452536 0.0123117
0.452536 0.281642 0.0123117
0.422707 0.290378 0.0123117
0.281641 0.547463 0.0123117
0.290378 0.577293 0.0123117
0.636106 0.676931 0.0123117
0.500522 0.276462 0.0123117
0.723538 0.500522 0.0123117
0.364871 0.674814 0.0123117
0.276443 0.499471 0.0123117
0.532982 0.722934 0.0123117
0.293656 0.425712 0.0123117
0.62327 0.318614 0.0123117
0.681386 0.62327 0.0123117
0.600212 0.696676 0.0123117
0.400465 0.696883 0.0123117
0.301857 0.600959 0.0123117
0.321114 0.379226 0.0123117
0.307292 0.401844 0.0123117
0.439197 0.709284 0.0123117
0.574374 0.296912 0.0123117
0.703088 0.574374 0.0123117
0.59853 0.306624 0.0123117
0.693376 0.59853 0.0123117
0.560803 0.709284 0.0123117
0.347339 0.349237 0.0123117
0.650995 0.34698 0.0123117
0.652649 0.651862 0.0123117
0.287502 0.46487 0.0123117
0.712384 0.535093 0.0123117
0.535093 0.287616 0.0123117
0.327417 0.633439 0.0123117
0.399041 0.301857 0.0123117
0.698143 0.399041 0.0123117
0.347704 0.652296 0.0123117
0.479068 0.278567 0.0123117
0.721433 0.479068 0.0123117
0.278567 0.520932 0.0123117
0.67268 0.366055 0.0123117
0.366055 0.32732 0.0123117
0.2909 0.561434 0.0123117
0.438566 0.290901 0.0123117
0.709099 0.438566 0.0123117
0.507145 0.721095 0.0123117
0.465805 0.715899 0.0123117
0.316743 0.608051 0.0123117
0.30479 0.584704 0.0123117
0.291198 0.440924 0.0123117
0.293397 0.453812 0.0123117
0.634567 0.329765 0.0123117
0.640058 0.341136 0.0123117
0.670133 0.634576 0.0123117
0.658468 0.640201 0.0123117
0.621135 0.678245 0.0123117
0.378939 0.678136 0.0123117
0.304858 0.415554 0.0123117
0.317153 0.392562 0.0123117
0.68302 0.608238 0.0123117
0.608238 0.31698 0.0123117
0.585224 0.305424 0.0123117
0.694576 0.585224 0.0123117
0.330814 0.366414 0.0123117
0.341749 0.360312 0.0123117
0.708032 0.55901 0.0123117
0.706328 0.546134 0.0123117
0.55901 0.291968 0.0123117
0.546134 0.293672 0.0123117
0.659404 0.358014 0.0123117
0.358075 0.340649 0.0123117
0.415296 0.30479 0.0123117
0.683962 0.390406 0.0123117
0.69521 0.415296 0.0123117
0.390408 0.316041 0.0123117
0.641178 0.662473 0.0123117
0.629355 0.667056 0.0123117
0.359675 0.659167 0.0123117
0.285659 0.481257 0.0123117
0.290196 0.494963 0.0123117
0.28912 0.505585 0.0123117
0.518729 0.285697 0.0123117
0.505032 0.290208 0.0123117
0.494413 0.289126 0.0123117
0.714303 0.518729 0.0123117
0.709792 0.505032 0.0123117
0.710874 0.494413 0.0123117
0.710214 0.466866 0.0123117
0.466866 0.289786 0.0123117
0.289786 0.533134 0.0123117
0.583376 0.695935 0.0123117
0.571655 0.699317 0.0123117
0.417229 0.695397 0.0123117
0.428232 0.699344 0.0123117
0.492546 0.713695 0.0123117
0.522175 0.710235 0.0123117
0.45324 0.70841 0.0123117
0.380264 0.323878 0.0123117
0.67613 0.380257 0.0123117
0.608031 0.68267 0.0123117
0.391986 0.682642 0.0123117
0.544712 0.712295 0.0123117
0.533121 0.709119 0.0123117
0.480049 0.711057 0.0123117
0.2 0.4 0.0123117
0.8 0.6 0.0123117
0.6 0.2 0.0123117
0.8 0.4 0.0123117
0.4 0.2 0.0123117
0.2 0.6 0.0123117
0.6 0.8 0.0123117
0.8 0.8 0.0123117
0.2 0.8 0.0123117
0.2 0.2 0.0123117
0.8 0.2 0.0123117
0.4 0.8 0.0123117
0 0 0.0123117
0.2 0 0.0123117
0 0.2 0.0123117
0.4 0 0.0123117
0.6 0 0.0123117
0.8 0 0.0123117
1 0 0.0123117
1 0.2 0.0123117
0 0.4 0.0123117
1 0.4 0.0123117
0 0.6 0.0123117
1 0.6 0.0123117
0 0.8 0.0123117
1 0.8 0.0123117
0.2 1 0.0123117
0 1 0.0123117
0.4 1 0.0123117
0.6 1 0.0123117
0.8 1 0.0123117
1 1 0.0123117
0.5 0.7 0.0489435
0.512558 0.699605 0.0489435
0.525067 0.698423 0.0489435
0.537476 0.696457 0.0489435
0.549738 0.693717 0.0489435
0.561803 0.690211 0.0489435
0.573625 0.685955 0.0489435
0.585156 0.680965 0.0489435
0.596351 0.675261 0.0489435
0.607165 0.668866 0.0489435
0.617557 0.661803 0.0489435
0.627485 0.654103 0.0489435
0.636909 0.645794 0.0489435
0.645794 0.636909 0.0489435
0.654103 0.627485 0.0489435
0.661803 0.617557 0.0489435
0.668866 0.607165 0.0489435
0.675261 0.596351 0.0489435
0.680965 0.585156 0.0489435
0.685955 0.573625 0.0489435
0.690211 0.561803 0.0489435
0.693717 0.549738 0.0489435
0.696457 0.537476 0.0489435
0.698423 0.525067 0.0489435
0.699605 0.512558 0.0489435
0.7 0.5 0.0489435
0.699605 0.487442 0.0489435
0.698423 0.474933 0.0489435
0.696457 0.462524 0.0489435
0.693717 0.450262 0.0489435
0.690211 0.438197 0.0489435
0.685955 0.426375 0.0489435
0.680965 0.414844 0.0489435
0.675261 0.403649 0.0489435
0.668866 0.392835 0.0489435
0.661803 0.382443 0.0489435
0.654103 0.372515 0.0489435
0.645794 0.363091 0.0489435
0.636909 0.354206 0.0489435
0.627485 0.345897 0.0489435
0.617557 0.338197 0.0489435
0.607165 0.331134 0.0489435
0.596351 0.324739 0.0489435
0.585156 0.319035 0.0489435
0.573625 0.314045 0.0489435
0.561803 0.309789 0.0489435
0.549738 0.306283 0.0489435
0.537476 0.303543 0.0489435
0.525067 0.301577 0.0489435
0.512558 0.300395 0.0489435
0.5 0.3 0.0489435
0.487442 0.300395 0.0489435
0.474933 0.301577 0.0489435
0.462524 0.303543 0.0489435
0.450262 0.306283 0.0489435
0.438197 0.309789 0.0489435
0.426375 0.314045 0.0489435
0.414844 0.319035 0.0489435
0.403649 0.324739 0.0489435
0.392835 0.331134 0.0489435
0.382443 0.338197 0.0489435
0.372515 0.345897 0.0489435
0.363091 0.354206 0.0489435
0.354206 0.363091 0.0489435
0.345897 0.372515 0.0489435
0.338197 0.382443 0.0489435
0.331134 0.392835 0.0489435
0.324739 0.403649 0.0489435
0.319035 0.414844 0.0489435
0.314045 0.426375 0.0489435
0.309789 0.438197 0.0489435
0.306283 0.450262 0.0489435
0.303543 0.462524 0.0489435
0.301577 0.474933 0.0489435
0.300395 0.487442 0.0489435
0.3 0.5 0.0489435
0.300395 0.512558 0.0489435
0.301577 0.525067 0.0489435
0.303543 0.537476 0.0489435
0.306283 0.549738 0.0489435
0.309789 0.561803 0.0489435
0.314045 0.573625 0.0489435
0.319035 0.585156 0.0489435
0.324739 0.596351 0.0489435
0.331134 0.607165 0.0489435
0.338197 0.617557 0.0489435
0.345897 0.627485 0.0489435
0.354206 0.636909 0.0489435
0.363091 0.645794 0.0489435
0.372515 0.654103 0.0489435
0.382443 0.661803 0.0489435
0.392835 0.668866 0.0489435
0.403649 0.675261 0.0489435
0.414844 0.680965 0.0489435
0.426375 0.685955 0.0489435
0.438197 0.690211 0.0489435
0.450262 0.693717 0.0489435
0.462524 0.696457 0.0489435
0.474933 0.698423 0.0489435
0.487442 0.699605 0.0489435
0.68392 0.269389 0.0489435
0.277156 0.680679 0.0489435
0.730611 0.68392 0.0489435
0.269389 0.31608 0.0489435
0.772506 0.500014 0.0489435
0.495706 0.769022 0.0489435
0.500014 0.227494 0.0489435
0.227494 0.499986 0.0489435
0.331892 0.734369 0.0489435
0.669479 0.734995 0.0489435
0.327394 0.270043 0.0489435
0.729957 0.327394 0.0489435
0.619536 0.269952 0.0489435
0.648912 0.305024 0.0489435
0.673741 0.334205 0.0489435
0.57261 0.266465 0.0489435
0.532489 0.259702 0.0489435
0.471579 0.255067 0.0489435
0.429128 0.266412 0.0489435
0.388444 0.28106 0.0489435
0.269903 0.38056 0.0489435
0.265685 0.427091 0.0489435
0.259605 0.467474 0.0489435
0.255053 0.528415 0.0489435
0.26641 0.570871 0.0489435
0.28106 0.611556 0.0489435
0.305842 0.650605 0.0489435
0.337197 0.680037 0.0489435
0.306893 0.35338 0.0489435
0.334439 0.326545 0.0489435
0.730048 0.619536 0.0489435
0.694976 0.648912 0.0489435
0.664184 0.678895 0.0489435
0.733535 0.57261 0.0489435
0.740298 0.532489 0.0489435
0.744933 0.471579 0.0489435
0.733588 0.429128 0.0489435
0.71894 0.388444 0.0489435
0.397034 0.735432 0.0489435
0.443906 0.735734 0.0489435
0.602929 0.735952 0.0489435
0.554151 0.74226 0.0489435
0.512255 0.740001 0.0489435
0.288032 0.406363 0.0489435
0.301488 0.385258 0.0489435
0.617987 0.299317 0.0489435
0.594438 0.290503 0.0489435
0.700683 0.617987 0.0489435
0.709497 0.594438 0.0489435
0.373589 0.699618 0.0489435
0.624993 0.700916 0.0489435
0.69334 0.369546 0.0489435
0.369579 0.306701 0.0489435
0.481855 0.730522 0.0489435
0.578671 0.7152 0.0489435
0.420538 0.712121 0.0489435
0.278461 0.45048 0.0489435
0.669663 0.650172 0.0489435
0.650122 0.32972 0.0489435
0.331574 0.350917 0.0489435
0.549355 0.278952 0.0489435
0.721048 0.549355 0.0489435
0.332804 0.648095 0.0489435
0.314344 0.623453 0.0489435
0.709622 0.422707 0.0489435
0.718358 0.452536 0.0489435
0.452536 0.281642 0.0489435
0.422707 0.290378 0.0489435
0.281641 0.547463 0.0489435
0.290378 0.577293 0.0489435
0.636106 0.676931 0.0489435
0.500522 0.276462 0.0489435
0.723538 0.500522 0.0489435
0.364871 0.674814 0.0489435
0.276443 0.499471 0.0489435
0.532982 0.722934 0.0489435
0.293656 0.425712 0.0489435
0.62327 0.318614 0.0489435
0.681386 0.62327 0.0489435
0.600212 0.696676 0.0489435
0.400465 0.696883 0.0489435
0.301857 0.600959 0.0489435
0.321114 0.379226 0.0489435
0.307292 0.401844 0.0489435
0.439197 0.709284 0.0489435
0.574374 0.296912 0.0489435
0.703088 0.574374 0.0489435
0.59853 0.306624 0.0489435
0.693376 0.59853 0.0489435
0.560803 0.709284 0.0489435
0.347339 0.349237 0.0489435
0.650995 0.34698 0.0489435
0.652649 0.651862 0.0489435
0.287502 0.46487 0.0489435
0.712384 0.535093 0.0489435
0.535093 0.287616 0.0489435
0.327417 0.633439 0.0489435
0.399041 0.301857 0.0489435
0.698143 0.399041 0.0489435
0.347704 0.652296 0.0489435
0.479068 0.278567 0.0489435
0.721433 0.479068 0.0489435
0.278567 0.520932 0.0489435
0.67268 0.366055 0.0489435
0.366055 0.32732 0.0489435
0.2909 0.561434 0.0489435
0.438566 0.290901 0.0489435
0.709099 0.438566 0.0489435
0.507145 0.721095 0.0489435
0.465805 0.715899 0.0489435
0.316743 0.608051 0.0489435
0.30479 0.584704 0.0489435
0.291198 0.440924 0.0489435
0.293397 0.453812 0.0489435
0.634567 0.329765 0.0489435
0.640058 0.341136 0.0489435
0.670133 0.634576 0.0489435
0.658468 0.640201 0.0489435
0.621135 0.678245 0.0489435
0.378939 0.678136 0.0489435
0.304858 0.415554 0.0489435
0.317153 0.392562 0.0489435
0.68302 0.608238 0.0489435
0.608238 0.31698 0.0489435
0.585224 0.305424 0.0489435
0.694576 0.585224 0.0489435
0.330814 0.366414 0.0489435
0.341749 0.360312 0.0489435
0.708032 0.55901 0.0489435
0.706328 0.546134 0.0489435
0.55901 0.291968 0.0489435
0.546134 0.293672 0.0489435
0.659404 0.358014 0.0489435
0.358075 0.340649 0.0489435
0.415296 0.30479 0.0489435
0.683962 0.390406 0.0489435
0.69521 0.415296 0.0489435
0.390408 0.316041 0.0489435
0.641178 0.662473 0.0489435
0.629355 0.667056 0.0489435
0.359675 0.659167 0.0489435
0.285659 0.481257 0.0489435
0.290196 0.494963 0.0489435
0.28912 0.505585 0.0489435
0.518729 0.285697 0.0489435
0.505032 0.290208 0.0489435
0.494413 0.289126 0.0489435
0.714303 0.518729 0.0489435
0.709792 0.505032 0.0489435
0.710874 0.494413 0.0489435
0.710214 0.466866 0.0489435
0.466866 0.289786 0.0489435
0.289786 0.533134 0.0489435
0.583376 0.695935 0.0489435
0.571655 0.699317 0.0489435
0.417229 0.695397 0.0489435
0.428232 0.699344 0.0489435
0.492546 0.713695 0.0489435
0.522175 0.710235 0.0489435
0.45324 0.70841 0.0489435
0.380264 0.323878 0.0489435
0.67613 0.380257 0.0489435
0.608031 0.68267 0.0489435
0.391986 0.682642 0.0489435
0.544712 0.712295 0.0489435
0.533121 0.709119 0.0489435
0.480049 0.711057 0.0489435
0.2 0.4 0.0489435
0.8 0.6 0.0489435
0.6 0.2 0.0489435
0.8 0.4 0.0489435
0.4 0.2 0.0489435
0.2 0.6 0.0489435
0.6 0.8 0.0489435
0.8 0.8 0.0489435
0.2 0.8 0.0489435
0.2 0.2 0.0489435
0.8 0.2 0.0489435
0.4 0.8 0.0489435
0 0 0.0489435
0.2 0 0.0489435
0 0.2 0.0489435
0.4 0 0.0489435
0.6 0 0.0489435
0.8 0 0.0489435
1 0 0.0489435
1 0.2 0.0489435
0 0.4 0.0489435
1 0.4 0.0489435
0 0.6 0.0489435
1 0.6 0.0489435
0 0.8 0.0489435
1 0.8 0.0489435
0.2 1 0.0489435
0 1 0.0489435
0.4 1 0.0489435
0.6 1 0.0489435
0.8 1 0.0489435
1 1 0.0489435
0.5 0.7 0.108993
0.512558 0.699605 0.108993
0.525067 0.698423 0.108993
0.537476 0.696457 0.108993
0.549738 0.693717 0.108993
0.561803 0.690211 0.108993
0.573625 0.685955 0.108993
0.585156 0.680965 0.108993
0.596351 0.675261 0.108993
0.607165 0.668866 0.108993
0.617557 0.661803 0.108993
0.627485 0.654103 0.108993
0.636909 0.645794 0.108993
0.645794 0.636909 0.108993
0.654103 0.627485 0.108993
0.661803 0.617557 0.108993
0.668866 0.607165 0.108993
0.675261 0.596351 0.108993
0.680965 0.585156 0.108993
0.685955 0.573625 0.108993
0.690211 0.561803 0.108993
0.693717 0.549738 0.108993
0.696457 0.537476 0.108993
0.698423 0.525067 0.108993
0.699605 0.512558 0.108993
0.7 0.5 0.108993
0.699605 0.487442 0.108993
0.698423 0.474933 0.108993
0.696457 0.462524 0.108993
0.693717 0.450262 0.108993
0.690211 0.438197 0.108993
0.685955 0.426375 0.108993
0.680965 0.414844 0.108993
0.675261 0.403649 0.108993
0.668866 0.392835 0.108993
0.661803 0.382443 0.108993
0.654103 0.372515 0.108993
0.645794 0.363091 0.108993
0.636909 0.354206 0.108993
0.627485 0.345897 0.108993
0.617557 0.338197 0.108993
0.607165 0.331134 0.108993
0.596351 0.324739 0.108993
0.585156 0.319035 0.108993
0.573625 0.314045 0.108993
0.561803 0.309789 0.108993
0.549738 0.306283 0.108993
0.537476 0.303543 0.108993
0.525067 0.301577 0.108993
0.512558 0.300395 0.108993
0.5 0.3 0.108993
0.487442 0.300395 0.108993
0.474933 0.301577 0.108993
0.462524 0.303543 0.108993
0.450262 0.306283 0.108993
0.438197 0.309789 0.108993
0.426375 0.314045 0.108993
0.414844 0.319035 0.108993
0.403649 0.324739 0.108993
0.392835 0.331134 0.108993
0.382443 0.338197 0.108993
0.372515 0.345897 0.108993
0.363091 0.354206 0.108993
0.354206 0.363091 0.108993
0.345897 0.372515 0.108993
0.338197 0.382443 0.108993
0.331134 0.392835 0.108993
0.324739 0.403649 0.108993
0.319035 0.414844 0.108993
0.314045 0.426375 0.108993
0.309789 0.438197 0.108993
0.306283 0.450262 0.108993
0.303543 0.462524 0.108993
0.301577 0.474933 0.108993
0.300395 0.487442 0.108993
0.3 0.5 0.108993
0.300395 0.512558 0.108993
0.301577 0.525067 0.108993
0.303543 0.537476 0.108993
0.306283 0.549738 0.108993
0.309789 0.561803 0.108993
0.314045 0.573625 0.108993
0.319035 0.585156 0.108993
0.324739 0.596351 0.108993
0.331134 0.607165 0.108993
0.338197 0.617557 0.108993
0.345897 0.627485 0.108993
0.354206 0.636909 0.108993
0.363091 0.645794 0.108993
0.372515 0.654103 0.108993
0.382443 0.661803 0.108993
0.392835 0.668866 0.108993
0.403649 0.675261 0.108993
0.414844 0.680965 0.108993
0.426375 0.685955 0.108993
0.438197 0.690211 0.108993
0.450262 0.693717 0.108993
0.462524 0.696457 0.108993
0.474933 0.698423 0.108993
0.487442 0.699605 0.108993
0.68392 0.269389 0.108993
0.277156 0.680679 0.108993
0.730611 0.68392 0.108993
0.269389 0.31608 0.108993
0.772506 0.500014 0.108993
0.495706 0.769022 0.108993
0.500014 0.227494 0.108993
0.227494 0.499986 0.108993
0.331892 0.734369 0.108993
0.669479 0.734995 0.108993
0.327394 0.270043 0.108993
0.729957 0.327394 0.108993
0.619536 0.269952 0.108993
0.648912 0.305024 0.108993
0.673741 0.334205 0.108993
0.57261 0.266465 0.108993
0.532489 0.259702 0.108993
0.471579 0.255067 0.108993
0.429128 0.266412 0.108993
0.388444 0.28106 0.108993
0.269903 0.38056 0.108993
0.265685 0.427091 0.108993
0.259605 0.467474 0.108993
0.255053 0.528415 0.108993
0.26641 0.570871 0.108993
0.28106 0.611556 0.108993
0.305842 0.650605 0.108993
0.337197 0.680037 0.108993
0.306893 0.35338 0.108993
0.334439 0.326545 0.108993
0.730048 0.619536 0.108993
0.694976 0.648912 0.108993
0.664184 0.678895 0.108993
0.733535 0.57261 0.108993
0.740298 0.532489 0.108993
0.744933 0.471579 0.108993
0.733588 0.429128 0.108993
0.71894 0.388444 0.108993
0.397034 0.735432 0.108993
0.443906 0.735734 0.108993
0.602929 0.735952 0.108993
0.554151 0.74226 0.108993
0.512255 0.740001 0.108993
0.288032 0.406363 0.108993
0.301488 0.385258 0.108993
0.617987 0.299317 0.108993
0.594438 0.290503 0.108993
0.700683 0.617987 0.108993
0.709497 0.594438 0.108993
0.373589 0.699618 0.108993
0.624993 0.700916 0.108993
0.69334 0.369546 0.108993
0.369579 0.306701 0.108993
0.481855 0.730522 0.108993
0.578671 0.7152 0.108993
0.420538 0.712121 0.108993
0.278461 0.45048 0.108993
0.669663 0.650172 0.108993
0.650122 0.32972 0.108993
0.331574 0.350917 0.108993
0.549355 0.278952 0.108993
0.721048 0.549355 0.108993
0.332804 0.648095 0.108993
0.314344 0.623453 0.108993
0.709622 0.422707 0.108993
0.718358 0.452536 0.108993
0.452536 0.281642 0.108993
0.422707 0.290378 0.108993
0.281641 0.547463 0.108993
0.290378 0.577293 0.108993
0.636106 0.676931 0.108993
0.500522 0.276462 0.108993
0.723538 0.500522 0.108993
0.364871 0.674814 0.108993
0.276443 0.499471 0.108993
0.532982 0.722934 0.108993
0.293656 0.425712 0.108993
0.62327 0.318614 0.108993
0.681386 0.62327 0.108993
0.600212 0.696676 0.108993
0.400465 0.696883 0.108993
0.301857 0.600959 0.108993
0.321114 0.379226 0.108993
0.307292 0.401844 0.108993
0.439197 0.709284 0.108993
0.574374 0.296912 0.108993
0.703088 0.574374 0.108993
0.59853 0.306624 0.108993
0.693376 0.59853 0.108993
0.560803 0.709284 0.108993
0.347339 0.349237 0.108993
0.650995 0.34698 0.108993
0.652649 0.651862 0.108993
0.287502 0.46487 0.108993
0.712384 0.535093 0.108993
0.535093 0.287616 0.108993
0.327417 0.633439 0.108993
0.399041 0.301857 0.108993
0.698143 0.399041 0.108993
0.347704 0.652296 0.108993
0.479068 0.278567 0.108993
0.721433 0.479068 0.108993
0.278567 0.520932 0.108993
0.67268 0.366055 0.108993
0.366055 0.32732 0.108993
0.2909 0.561434 0.108993
0.438566 0.290901 0.108993
0.709099 0.438566 0.108993
0.507145 0.721095 0.108993
0.465805 0.715899 0.108993
0.316743 0.608051 0.108993
0.30479 0.584704 0.108993
0.291198 0.440924 0.108993
0.293397 0.453812 0.108993
0.634567 0.329765 0.108993
0.640058 0.341136 0.108993
0.670133 0.634576 0.108993
0.658468 0.640201 0.108993
0.621135 0.678245 0.108993
0.378939 0.678136 0.108993
0.304858 0.415554 0.108993
0.317153 0.392562 0.108993
0.68302 0.608238 0.108993
0.608238 0.31698 0.108993
0.585224 0.305424 0.108993
0.694576 0.585224 0.108993
0.330814 0.366414 0.108993
0.341749 0.360312 0.108993
0.708032 0.55901 0.108993
0.706328 0.546134 0.108993
0.55901 0.291968 0.108993
0.546134 0.293672 0.108993
0.659404 0.358014 0.108993
0.358075 0.340649 0.108993
0.415296 0.30479 0.108993
0.683962 0.390406 0.108993
0.69521 0.415296 0.108993
0.390408 0.316041 0.108993
0.641178 0.662473 0.108993
0.629355 0.667056 0.108993
0.359675 0.659167 0.108993
0.285659 0.481257 0.108993
0.290196 0.494963 0.108993
0.28912 0.505585 0.108993
0.518729 0.285697 0.108993
0.505032 0.290208 0.108993
0.494413 0.289126 0.108993
0.714303 0.518729 0.108993
0.709792 0.505032 0.108993
0.710874 0.494413 0.108993
0.710214 0.466866 0.108993
0.466866 0.289786 0.108993
0.289786 0.533134 0.108993
0.583376 0.695935 0.108993
0.571655 0.699317 0.108993
0.417229 0.695397 0.108993
0.428232 0.699344 0.108993
0.492546 0.713695 0.108993
0.522175 0.710235 0.108993
0.45324 0.70841 0.108993
0.380264 0.323878 0.108993
0.67613 0.380257 0.108993
0.608031 0.68267 0.108993
0.391986 0.682642 0.108993
0.544712 0.712295 0.108993
0.533121 0.709119 0.108993
0.480049 0.711057 0.108993
0.2 0.4 0.108993
0.8 0.6 0.108993
0.6 0.2 0.108993
0.8 0.4 0.108993
0.4 0.2 0.108993
0.2 0.6 0.108993
0.6 0.8 0.108993
0.8 0.8 0.108993
0.2 0.8 0.108993
0.2 0.2 0.108993
0.8 0.2 0.108993
0.4 0.8 0.108993
0 0 0.108993
0.2 0 0.108993
0 0.2 0.108993
0.4 0 0.108993
0.6 0 0.108993
0.8 0 0.108993
1 0 0.108993
1 0.2 0.108993
0 0.4 0.108993
1 0.4 0.108993
0 0.6 0.108993
1 0.6 0.108993
0 0.8 0.108993
1 0.8 0.108993
0.2 1 0.108993
0 1 0.108993
0.4 1 0.108993
0.6 1 0.108993
0.8 1 0.108993
1 1 0.108993
0.5 0.7 0.190983
0.512558 0.699605 0.190983
0.525067 0.698423 0.190983
0.537476 0.696457 0.190983
0.549738 0.693717 0.190983
0.561803 0.690211 0.190983
0.573625 0.685955 0.190983
0.585156 0.680965 0.190983
0.596351 0.675261 0.190983
0.607165 0.668866 0.190983
0.617557 0.661803 0.190983
0.627485 0.654103 0.190983
0.636909 0.645794 0.190983
0.645794 0.636909 0.190983
0.654103 0.627485 0.190983
0.661803 0.617557 0.190983
0.668866 0.607165 0.190983
0.675261 0.596351 0.190983
0.680965 0.585156 0.190983
0.685955 0.573625 0.190983
0.690211 0.561803 0.190983
0.693717 0.549738 0.190983
0.696457 0.537476 0.190983
0.698423 0.525067 0.190983
0.699605 0.512558 0.190983
0.7 0.5 0.190983
0.699605 0.487442 0.190983
0.698423 0.474933 0.190983
0.696457 0.462524 0.190983
0.693717 0.450262 0.190983
0.690211 0.438197 0.190983
0.685955 0.426375 0.190983
0.680965 0.414844 0.190983
0.675261 0.403649 0.190983
0.668866 0.392835 0.190983
0.661803 0.382443 0.190983
0.654103 0.372515 0.190983
0.645794 0.363091 0.190983
0.636909 0.354206 0.190983
0.627485 0.345897 0.190983
0.617557 0.338197 0.190983
0.607165 0.331134 0.190983
0.596351 0.324739 0.190983
0.585156 0.319035 0.190983
0.573625 0.314045 0.190983
0.561803 0.309789 0.190983
0.549738 0.306283 0.190983
0.537476 0.303543 0.190983
0.525067 0.301577 0.190983
0.512558 0.300395 0.190983
0.5 0.3 0.190983
0.487442 0.300395 0.190983
0.474933 0.301577 0.190983
0.462524 0.303543 0.190983
0.450262 0.306283 0.190983
0.438197 0.309789 0.190983
0.426375 0.314045 0.190983
0.414844 0.319035 0.190983
0.403649 0.324739 0.190983
0.392835 0.331134 0.190983
0.382443 0.338197 0.190983
0.372515 0.345897 0.190983
0.363091 0.354206 0.190983
0.354206 0.363091 0.190983
0.345897 0.372515 0.190983
0.338197 0.382443 0.190983
0.331134 0.392835 0.190983
0.324739 0.403649 0.190983
0.319035 0.414844 0.190983
0.314045 0.426375 0.190983
0.309789 0.438197 0.190983
0.306283 0.450262 0.190983
0.303543 0.462524 0.190983
0.301577 0.474933 0.190983
0.300395 0.487442 0.190983
0.3 0.5 0.190983
0.300395 0.512558 0.190983
0.301577 0.525067 0.190983
0.303543 0.537476 0.190983
0.306283 0.549738 0.190983
0.309789 0.561803 0.190983
0.314045 0.573625 0.190983
0.319035 0.585156 0.190983
0.324739 0.596351 0.190983
0.331134 0.607165 0.190983
0.338197 0.617557 0.190983
0.345897 0.627485 0.190983
0.354206 0.636909 0.190983
0.363091 0.645794 0.190983
0.372515 0.654103 0.190983
0.382443 0.661803 0.190983
0.392835 0.668866 0.190983
0.403649 0.675261 0.190983
0.414844 0.680965 0.190983
0.426375 0.685955 0.190983
0.438197 0.690211 0.190983
0.450262 0.693717 0.190983
0.462524 0.696457 0.190983
0.474933 0.698423 0.190983
0.487442 0.699605 0.190983
0.68392 0.269389 0.190983
0.277156 0.680679 0.190983
0.730611 0.68392 0.190983
0.269389 0.31608 0.190983
0.772506 0.500014 0.190983
0.495706 0.769022 0.190983
0.500014 0.227494 0.190983
0.227494 0.499986 0.190983
0.331892 0.734369 0.190983
0.669479 0.734995 0.190983
0.327394 0.270043 0.190983
0.729957 0.327394 0.190983
0.619536 0.269952 0.190983
0.648912 0.305024 0.190983
0.673741 0.334205 0.190983
0.57261 0.266465 0.190983
0.532489 0.259702 0.190983
0.471579 0.255067 0.190983
0.429128 0.266412 0.190983
0.388444 0.28106 0.190983
0.269903 0.38056 0.190983
0.265685 0.427091 0.190983
0.259605 0.467474 0.190983
0.255053 0.528415 0.190983
0.26641 0.570871 0.190983
0.28106 0.611556 0.190983
0.305842 0.650605 0.190983
0.337197 0.680037 0.190983
0.306893 0.35338 0.190983
0.334439 0.326545 0.190983
0.730048 0.619536 0.190983
0.694976 0.648912 0.190983
0.664184 0.678895 0.190983
0.733535 0.57261 0.190983
0.740298 0.532489 0.190983
0.744933 0.471579 0.190983
0.733588 0.429128 0.190983
0.71894 0.388444 0.190983
0.397034 0.735432 0.190983
0.443906 0.735734 0.190983
0.602929 0.735952 0.190983
0.554151 0.74226 0.190983
0.512255 0.740001 0.190983
0.288032 0.406363 0.190983
0.301488 0.385258 0.190983
0.617987 0.299317 0.190983
0.594438 0.290503 0.190983
0.700683 0.617987 0.190983
0.709497 0.594438 0.190983
0.373589 0.699618 0.190983
0.624993 0.700916 0.190983
0.69334 0.369546 0.190983
0.369579 0.306701 0.190983
0.481855 0.730522 0.190983
0.578671 0.7152 0.190983
0.420538 0.712121 0.190983
0.278461 0.45048 0.190983
0.669663 0.650172 0.190983
0.650122 0.32972 0.190983
0.331574 0.350917 0.190983
0.549355 0.278952 0.190983
0.721048 0.549355 0.190983
0.332804 0.648095 0.190983
0.314344 0.623453 0.190983
0.709622 0.422707 0.190983
0.718358 0.452536 0.190983
0.452536 0.281642 0.190983
0.422707 0.290378 0.190983
0.281641 0.547463 0.190983
0.290378 0.577293 0.190983
0.636106 0.676931 0.190983
0.500522 0.276462 0.190983
0.723538 0.500522 0.190983
0.364871 0.674814 0.190983
0.276443 0.499471 0.190983
0.532982 0.722934 0.190983
0.293656 0.425712 0.190983
0.62327 0.318614 0.190983
0.681386 0.62327 0.190983
0.600212 0.696676 0.190983
0.400465 0.696883 0.190983
0.301857 0.600959 0.190983
0.321114 0.379226 0.190983
0.307292 0.401844 0.190983
0.439197 0.709284 0.190983
0.574374 0.296912 0.190983
0.703088 0.574374 0.190983
0.59853 0.306624 0.190983
0.693376 0.59853 0.190983
0.560803 0.709284 0.190983
0.347339 0.349237 0.190983
0.650995 0.34698 0.190983
0.652649 0.651862 0.190983
0.287502 0.46487 0.190983
0.712384 0.535093 0.190983
0.535093 0.287616 0.190983
0.327417 0.633439 0.190983
0.399041 0.301857 0.190983
0.698143 0.399041 0.190983
0.347704 0.652296 0.190983
0.479068 0.278567 0.190983
0.721433 0.479068 0.190983
0.278567 0.520932 0.190983
0.67268 0.366055 0.190983
0.366055 0.32732 0.190983
0.2909 0.561434 0.190983
0.438566 0.290901 0.190983
0.709099 0.438566 0.190983
0.507145 0.721095 0.190983
0.465805 0.715899 0.190983
0.316743 0.608051 0.190983
0.30479 0.584704 0.190983
0.291198 0.440924 0.190983
0.293397 0.453812 0.190983
0.634567 0.329765 0.190983
0.640058 0.341136 0.190983
0.670133 0.634576 0.190983
0.658468 0.640201 0.190983
0.621135 0.678245 0.190983
0.378939 0.678136 0.190983
0.304858 0.415554 0.190983
0.317153 0.392562 0.190983
0.68302 0.608238 0.190983
0.608238 0.31698 0.190983
0.585224 0.305424 0.190983
0.694576 0.585224 0.190983
0.330814 0.366414 0.190983
0.341749 0.360312 0.190983
0.708032 0.55901 0.190983
0.706328 0.546134 0.190983
0.55901 0.291968 0.190983
0.546134 0.293672 0.190983
0.659404 0.358014 0.190983
0.358075 0.340649 0.190983
0.415296 0.30479 0.190983
0.683962 0.390406 0.190983
0.69521 0.415296 0.190983
0.390408 0.316041 0.190983
0.641178 0.662473 0.190983
0.629355 0.667056 0.190983
0.359675 0.659167 0.190983
0.285659 0.481257 0.190983
0.290196 0.494963 0.190983
0.28912 0.505585 0.190983
0.518729 0.285697 0.190983
0.505032 0.290208 0.190983
0.494413 0.289126 0.190983
0.714303 0.518729 0.190983
0.709792 0.505032 0.190983
0.710874 0.494413 0.190983
0.710214 0.466866 0.190983
0.466866 0.289786 0.190983
0.289786 0.533134 0.190983
0.583376 0.695935 0.190983
0.571655 0.699317 0.190983
0.417229 0.695397 0.190983
0.428232 0.699344 0.190983
0.492546 0.713695 0.190983
0.522175 0.710235 0.190983
0.45324 0.70841 0.190983
0.380264 0.323878 0.190983
0.67613 0.380257 0.190983
0.608031 0.68267 0.190983
0.391986 0.682642 0.190983
0.544712 0.712295 0.190983
0.533121 0.709119 0.190983
0.480049 0.711057 0.190983
0.2 0.4 0.190983
0.8 0.6 0.190983
0.6 0.2 0.190983
0.8 0.4 0.190983
0.4 0.2 0.190983
0.2 0.6 0.190983
0.6 0.8 0.190983
0.8 0.8 0.190983
0.2 0.8 0.190983
0.2 0.2 0.190983
0.8 0.2 0.190983
0.4 0.8 0.190983
0 0 0.190983
0.2 0 0.190983
0 0.2 0.190983
0.4 0 0.190983
0.6 0 0.190983
0.8 0 0.190983
1 0 0.190983
1 0.2 0.190983
0 0.4 0.190983
1 0.4 0.190983
0 0.6 0.190983
1 0.6 0.190983
0 0.8 0.190983
1 0.8 0.190983
0.2 1 0.190983
0 1 0.190983
0.4 1 0.190983
0.6 1 0.190983
0.8 1 0.190983
1 1 0.190983
0.5 0.7 0.292893
0.512558 0.699605 0.292893
0.525067 0.698423 0.292893
0.537476 0.696457 0.292893
0.549738 0.693717 0.292893
0.561803 0.690211 0.292893
0.573625 0.685955 0.292893
0.585156 0.680965 0.292893
0.596351 0.675261 0.292893
0.607165 0.668866 0.292893
0.617557 0.661803 0.292893
0.627485 0.654103 0.292893
0.636909 0.645794 0.292893
0.645794 0.636909 0.292893
0.654103 0.627485 0.292893
0.661803 0.617557 0.292893
0.668866 0.607165 0.292893
0.675261 0.596351 0.292893
0.680965 0.585156 0.292893
0.685955 0.573625 0.292893
0.690211 0.561803 0.292893
0.693717 0.549738 0.292893
0.696457 0.537476 0.292893
0.698423 0.525067 0.292893
0.699605 0.512558 0.292893
0.7 0.5 0.292893
0.699605 0.487442 0.292893
0.698423 0.474933 0.292893
0.696457 0.462524 0.292893
0.693717 0.450262 0.292893
0.690211 0.438197 0.292893
0.685955 0.426375 0.292893
0.680965 0.414844 0.292893
0.675261 0.403649 0.292893
0.668866 0.392835 0.292893
0.661803 0.382443 0.292893
0.654103 0.372515 0.292893
0.645794 0.363091 0.292893
0.636909 0.354206 0.292893
0.627485 0.345897 0.292893
0.617557 0.338197 0.292893
0.607165 0.331134 0.292893
0.596351 0.324739 0.292893
0.585156 0.319035 0.292893
0.573625 0.314045 0.292893
0.561803 0.309789 0.292893
0.549738 0.306283 0.292893
0.537476 0.303543 0.292893
0.525067 0.301577 0.292893
0.512558 0.300395 0.292893
0.5 0.3 0.292893
0.487442 0.300395 0.292893
0.474933 0.301577 0.292893
0.462524 0.303543 0.292893
0.450262 0.306283 0.292893
0.438197 0.309789 0.292893
0.426375 0.314045 0.292893
0.414844 0.319035 0.292893
0.403649 0.324739 0.292893
0.392835 0.331134 0.292893
0.382443 0.338197 0.292893
0.372515 0.345897 0.292893
0.363091 0.354206 0.292893
0.354206 0.363091 0.292893
0.345897 0.372515 0.292893
0.338197 0.382443 0.292893
0.331134 0.392835 0.292893
0.324739 0.403649 0.292893
0.319035 0.414844 0.292893
0.314045 0.426375 0.292893
0.309789 0.438197 0.292893
0.306283 0.450262 0.292893
0.303543 0.462524 0.292893
0.301577 0.474933 0.292893
0.300395 0.487442 0.292893
0.3 0.5 0.292893
0.300395 0.512558 0.292893
0.301577 0.525067 0.292893
0.303543 0.537476 0.292893
0.306283 0.549738 0.292893
0.309789 0.561803 0.292893
0.314045 0.573625 0.292893
0.319035 0.585156 0.292893
0.324739 0.596351 0.292893
0.331134 0.607165 0.292893
0.338197 0.617557 0.292893
0.345897 0.627485 0.292893
0.354206 0.636909 0.292893
0.363091 0.645794 0.292893
0.372515 0.654103 0.292893
0.382443 0.661803 0.292893
0.392835 0.668866 0.292893
0.403649 0.675261 0.292893
0.414844 0.680965 0.292893
0.426375 0.685955 0.292893
0.438197 0.690211 0.292893
0.450262 0.693717 0.292893
0.462524 0.696457 0.292893
0.474933 0.698423 0.292893
0.487442 0.699605 0.292893
0.68392 0.269389 0.292893
0.277156 0.680679 0.292893
0.730611 0.68392 0.292893
0.269389 0.31608 0.292893
0.772506 0.500014 0.292893
0.495706 0.769022 0.292893
0.500014 0.227494 0.292893
0.227494 0.499986 0.292893
0.331892 0.734369 0.292893
0.669479 0.734995 0.292893
0.327394 0.270043 0.292893
0.729957 0.327394 0.292893
0.619536 0.269952 0.292893
0.648912 0.305024 0.292893
0.673741 0.334205 0.292893
0.57261 0.266465 0.292893
0.532489 0.259702 0.292893
0.471579 0.255067 0.292893
0.429128 0.266412 0.292893
0.388444 0.28106 0.292893
0.269903 0.38056 0.292893
0.265685 0.427091 0.292893
0.259605 0.467474 0.292893
0.255053 0.528415 0.292893
0.26641 0.570871 0.292893
0.28106 0.611556 0.292893
0.305842 0.650605 0.292893
0.337197 0.680037 0.292893
0.306893 0.35338 0.292893
0.334439 0.326545 0.292893
0.730048 0.619536 0.292893
0.694976 0.648912 0.292893
0.664184 0.678895 0.292893
0.733535 0.57261 0.292893
0.740298 0.532489 0.292893
0.744933 0.471579 0.292893
0.733588 0.429128 0.292893
0.71894 0.388444 0.292893
0.397034 0.735432 0.292893
0.443906 0.735734 0.292893
0.602929 0.735952 0.292893
0.554151 0.74226 0.292893
0.512255 0.740001 0.292893
0.288032 0.406363 0.292893
0.301488 0.385258 0.292893
0.617987 0.299317 0.292893
0.594438 0.290503 0.292893
0.700683 0.617987 0.292893
0.709497 0.594438 0.292893
0.373589 0.699618 0.292893
0.624993 0.700916 0.292893
0.69334 0.369546 0.292893
0.369579 0.306701 0.292893
0.481855 0.730522 0.292893
0.578671 0.7152 0.292893
0.420538 0.712121 0.292893
0.278461 0.45048 0.292893
0.669663 0.650172 0.292893
0.650122 0.32972 0.292893
0.331574 0.350917 0.292893
0.549355 0.278952 0.292893
0.721048 0.549355 0.292893
0.332804 0.648095 0.292893
0.314344 0.623453 0.292893
0.709622 0.422707 0.292893
0.718358 0.452536 0.292893
0.452536 0.281642 0.292893
0.422707 0.290378 0.292893
0.281641 0.547463 0.292893
0.290378 0.577293 0.292893
0.636106 0.676931 0.292893
0.500522 0.276462 0.292893
0.723538 0.500522 0.292893
0.364871 0.674814 0.292893
0.276443 0.499471 0.292893
0.532982 0.722934 0.292893
0.293656 0.425712 0.292893
0.62327 0.318614 0.292893
0.681386 0.62327 0.292893
0.600212 0.696676 0.292893
0.400465 0.696883 0.292893
0.301857 0.600959 0.292893
0.321114 0.379226 0.292893
0.307292 0.401844 0.292893
0.439197 0.709284 0.292893
0.574374 0.296912 0.292893
0.703088 0.574374 0.292893
0.59853 0.306624 0.292893
0.693376 0.59853 0.292893
0.560803 0.709284 0.292893
0.347339 0.349237 0.292893
0.650995 0.34698 0.292893
0.652649 0.651862 0.292893
0.287502 0.46487 0.292893
0.712384 0.535093 0.292893
0.535093 0.287616 0.292893
0.327417 0.633439 0.292893
0.399041 0.301857 0.292893
0.698143 0.399041 0.292893
0.347704 0.652296 0.292893
0.479068 0.278567 0.292893
0.721433 0.479068 0.292893
0.278567 0.520932 0.292893
0.67268 0.366055 0.292893
0.366055 0.32732 0.292893
0.2909 0.561434 0.292893
0.438566 0.290901 0.292893
0.709099 0.438566 0.292893
0.507145 0.721095 0.292893
0.465805 0.715899 0.292893
0.316743 0.608051 0.292893
0.30479 0.584704 0.292893
0.291198 0.440924 0.292893
0.293397 0.453812 0.292893
0.634567 0.329765 0.292893
0.640058 0.341136 0.292893
0.670133 0.634576 0.292893
0.658468 0.640201 0.292893
0.621135 0.678245 0.292893
0.378939 0.678136 0.292893
0.304858 0.415554 0.292893
0.317153 0.392562 0.292893
0.68302 0.608238 0.292893
0.608238 0.31698 0.292893
0.585224 0.305424 0.292893
0.694576 0.585224 0.292893
0.330814 0.366414 0.292893
0.341749 0.360312 0.292893
0.708032 0.55901 0.292893
0.706328 0.546134 0.292893
0.55901 0.291968 0.292893
0.546134 0.293672 0.292893
0.659404 0.358014 0.292893
0.358075 0.340649 0.292893
0.415296 0.30479 0.292893
0.683962 0.390406 0.292893
0.69521 0.415296 0.292893
0.390408 0.316041 0.292893
0.641178 0.662473 0.292893
0.629355 0.667056 0.292893
0.359675 0.659167 0.292893
0.285659 0.481257 0.292893
0.290196 0.494963 0.292893
0.28912 0.505585 0.292893
0.518729 0.285697 0.292893
0.505032 0.290208 0.292893
0.494413 0.289126 0.292893
0.714303 0.518729 0.292893
0.709792 0.505032 0.292893
0.710874 0.494413 0.292893
0.710214 0.466866 0.292893
0.466866 0.289786 0.292893
0.289786 0.533134 0.292893
0.583376 0.695935 0.292893
0.571655 0.699317 0.292893
0.417229 0.695397 0.292893
0.428232 0.699344 0.292893
0.492546 0.713695 0.292893
0.522175 0.710235 0.292893
0.45324 0.70841 0.292893
0.380264 0.323878 0.292893
0.67613 0.380257 0.292893
0.608031 0.68267 0.292893
0.391986 0.682642 0.292893
0.544712 0.712295 0.292893
0.533121 0.709119 0.292893
0.480049 0.711057 0.292893
0.2 0.4 0.292893
0.8 0.6 0.292893
0.6 0.2 0.292893
0.8 0.4 0.292893
0.4 0.2 0.292893
0.2 0.6 0.292893
0.6 0.8 0.292893
0.8 0.8 0.292893
0.2 0.8 0.292893
0.2 0.2 0.292893
0.8 0.2 0.292893
0.4 0.8 0.292893
0 0 0.292893
0.2 0 0.292893
0 0.2 0.292893
0.4 0 0.292893
0.6 0 0.292893
0.8 0 0.292893
1 0 0.292893
1 0.2 0.292893
0 0.4 0.292893
1 0.4 0.292893
0 0.6 0.292893
1 0.6 0.292893
0 0.8 0.292893
1 0.8 0.292893
0.2 1 0.292893
0 1 0.292893
0.4 1 0.292893
0.6 1 0.292893
0.8 1 0.292893
1 1 0.292893
0.5 0.7 0.412215
0.512558 0.699605 0.412215
0.525067 0.698423 0.412215
0.537476 0.696457 0.412215
0.549738 0.693717 0.412215
0.561803 0.690211 0.412215
0.573625 0.685955 0.412215
0.585156 0.680965 0.412215
0.596351 0.675261 0.412215
0.607165 0.668866 0.412215
0.617557 0.661803 0.412215
0.627485 0.654103 0.412215
0.636909 0.645794 0.412215
0.645794 0.636909 0.412215
0.654103 0.627485 0.412215
0.661803 0.617557 0.412215
0.668866 0.607165 0.412215
0.675261 0.596351 0.412215
0.680965 0.585156 0.412215
0.685955 0.573625 0.412215
0.690211 0.561803 0.412215
0.693717 0.549738 0.412215
0.696457 0.537476 0.412215
0.698423 0.525067 0.412215
0.699605 0.512558 0.412215
0.7 0.5 0.412215
0.699605 0.487442 0.412215
0.698423 0.474933 0.412215
0.696457 0.462524 0.412215
0.693717 0.450262 0.412215
0.690211 0.438197 0.412215
0.685955 0.426375 0.412215
0.680965 0.414844 0.412215
0.675261 0.403649 0.412215
0.668866 0.392835 0.412215
0.661803 0.382443 0.412215
0.654103 0.372515 0.412215
0.645794 0.363091 0.412215
0.636909 0.354206 0.412215
0.627485 0.345897 0.412215
0.617557 0.338197 0.412215
0.607165 0.331134 0.412215
0.596351 0.324739 0.412215
0.585156 0.319035 0.412215
0.573625 0.314045 0.412215
0.561803 0.309789 0.412215
0.549738 0.306283 0.412215
0.537476 0.303543 0.412215
0.525067 0.301577 0.412215
0.512558 0.300395 0.412215
0.5 0.3 0.412215
0.487442 0.300395 0.412215
0.474933 0.301577 0.412215
0.462524 0.303543 0.412215
0.450262 0.306283 0.412215
0.438197 0.309789 0.412215
0.426375 0.314045 0.412215
0.414844 0.319035 0.412215
0.403649 0.324739 0.412215
0.392835 0.331134 0.412215
0.382443 0.338197 0.412215
0.372515 0.345897 0.412215
0.363091 0.354206 0.412215
0.354206 0.363091 0.412215
0.345897 0.372515 0.412215
0.338197 0.382443 0.412215
0.331134 0.392835 0.412215
0.324739 0.403649 0.412215
0.319035 0.414844 0.412215
0.314045 0.426375 0.412215
0.309789 0.438197 0.412215
0.306283 0.450262 0.412215
0.303543 0.462524 0.412215
0.301577 0.474933 0.412215
0.300395 0.487442 0.412215
0.3 0.5 0.412215
0.300395 0.512558 0.412215
0.301577 0.525067 0.412215
0.303543 0.537476 0.412215
0.306283 0.549738 0.412215
0.309789 0.561803 0.412215
0.314045 0.573625 0.412215
0.319035 0.585156 0.412215
0.324739 0.596351 0.412215
0.331134 0.607165 0.412215
0.338197 0.617557 0.412215
0.345897 0.627485 0.412215
0.354206 0.636909 0.412215
0.363091 0.645794 0.412215
0.372515 0.654103 0.412215
0.382443 0.661803 0.412215
0.392835 0.668866 0.412215
0.403649 0.675261 0.412215
0.414844 0.680965 0.412215
0.426375 0.685955 0.412215
0.438197 0.690211 0.412215
0.450262 0.693717 0.412215
0.462524 0.696457 0.412215
0.474933 0.698423 0.412215
0.487442 0.699605 0.412215
0.68392 0.269389 0.412215
0.277156 0.680679 0.412215
0.730611 0.68392 0.412215
0.269389 0.31608 0.412215
0.772506 0.500014 0.412215
0.495706 0.769022 0.412215
0.500014 0.227494 0.412215
0.227494 0.499986 0.412215
0.331892 0.734369 0.412215
0.669479 0.734995 0.412215
0.327394 0.270043 0.412215
0.729957 0.327394 0.412215
0.619536 0.269952 0.412215
0.648912 0.305024 0.412215
0.673741 0.334205 0.412215
0.57261 0.266465 0.412215
0.532489 0.259702 0.412215
0.471579 0.255067 0.412215
0.429128 0.266412 0.412215
0.388444 0.28106 0.412215
0.269903 0.38056 0.412215
0.265685 0.427091 0.412215
0.259605 0.467474 0.412215
0.255053 0.528415 0.412215
0.26641 0.570871 0.412215
0.28106 0.611556 0.412215
0.305842 0.650605 0.412215
0.337197 0.680037 0.412215
0.306893 0.35338 0.412215
0.334439 0.326545 0.412215
0.730048 0.619536 0.412215
0.694976 0.648912 0.412215
0.664184 0.678895 0.412215
0.733535 0.57261 0.412215
0.740298 0.532489 0.412215
0.744933 0.471579 0.412215
0.733588 0.429128 0.412215
0.71894 0.388444 0.412215
0.397034 0.735432 0.412215
0.443906 0.735734 0.412215
0.602929 0.735952 0.412215
0.554151 0.74226 0.412215
0.512255 0.740001 0.412215
0.288032 0.406363 0.412215
0.301488 0.385258 0.412215
0.617987 0.299317 0.412215
0.594438 0.290503 0.412215
0.700683 0.617987 0.412215
0.709497 0.594438 0.412215
0.373589 0.699618 0.412215
0.624993 0.700916 0.412215
0.69334 0.369546 0.412215
0.369579 0.306701 0.412215
0.481855 0.730522 0.412215
0.578671 0.7152 0.412215
0.420538 0.712121 0.412215
0.278461 0.45048 0.412215
0.669663 0.650172 0.412215
0.650122 0.32972 0.412215
0.331574 0.350917 0.412215
0.549355 0.278952 0.412215
0.721048 0.549355 0.412215
0.332804 0.648095 0.412215
0.314344 0.623453 0.412215
0.709622 0.422707 0.412215
0.718358 0.452536 0.412215
0.452536 0.281642 0.412215
0.422707 0.290378 0.412215
0.281641 0.547463 0.412215
0.290378 0.577293 0.412215
0.636106 0.676931 0.412215
0.500522 0.276462 0.412215
0.723538 0.500522 0.412215
0.364871 0.674814 0.412215
0.276443 0.499471 0.412215
0.532982 0.722934 0.412215
0.293656 0.425712 0.412215
0.62327 0.318614 0.412215
0.681386 0.62327 0.412215
0.600212 0.696676 0.412215
0.400465 0.696883 0.412215
0.301857 0.600959 0.412215
0.321114 0.379226 0.412215
0.307292 0.401844 0.412215
0.439197 0.709284 0.412215
0.574374 0.296912 0.412215
0.703088 0.574374 0.412215
0.59853 0.306624 0.412215
0.693376 0.59853 0.412215
0.560803 0.709284 0.412215
0.347339 0.349237 0.412215
0.650995 0.34698 0.412215
0.652649 0.651862 0.412215
0.287502 0.46487 0.412215
0.712384 0.535093 0.412215
0.535093 0.287616 0.412215
0.327417 0.633439 0.412215
0.399041 0.301857 0.412215
0.698143 0.399041 0.412215
0.347704 0.652296 0.412215
0.479068 0.278567 0.412215
0.721433 0.479068 0.412215
0.278567 0.520932 0.412215
0.67268 0.366055 0.412215
0.366055 0.32732 0.412215
0.2909 0.561434 0.412215
0.438566 0.290901 0.412215
0.709099 0.438566 0.412215
0.507145 0.721095 0.412215
0.465805 0.715899 0.412215
0.316743 0.608051 0.412215
0.30479 0.584704 0.412215
0.291198 0.440924 0.412215
0.293397 0.453812 0.412215
0.634567 0.329765 0.412215
0.640058 0.341136 0.412215
0.670133 0.634576 0.412215
0.658468 0.640201 0.412215
0.621135 0.678245 0.412215
0.378939 0.678136 0.412215
0.304858 0.415554 0.412215
0.317153 0.392562 0.412215
0.68302 0.608238 0.412215
0.608238 0.31698 0.412215
0.585224 0.305424 0.412215
0.694576 0.585224 0.412215
0.330814 0.366414 0.412215
0.341749 0.360312 0.412215
0.708032 0.55901 0.412215
0.706328 0.546134 0.412215
0.55901 0.291968 0.412215
0.546134 0.293672 0.412215
0.659404 0.358014 0.412215
0.358075 0.340649 0.412215
0.415296 0.30479 0.412215
0.683962 0.390406 0.412215
0.69521 0.415296 0.412215
0.390408 0.316041 0.412215
0.641178 0.662473 0.412215
0.629355 0.667056 0.412215
0.359675 0.659167 0.412215
0.285659 0.481257 0.412215
0.290196 0.494963 0.412215
0.28912 0.505585 0.412215
0.518729 0.285697 0.412215
0.505032 0.290208 0.412215
0.494413 0.289126 0.412215
0.714303 0.518729 0.412215
0.709792 0.505032 0.412215
0.710874 0.494413 0.412215
0.710214 0.466866 0.412215
0.466866 0.289786 0.412215
0.289786 0.533134 0.412215
0.583376 0.695935 0.412215
0.571655 0.699317 0.412215
0.417229 0.695397 0.412215
0.428232 0.699344 0.412215
0.492546 0.713695 0.412215
0.522175 0.710235 0.412215
0.45324 0.70841 0.412215
0.380264 0.323878 0.412215
0.67613 0.380257 0.412215
0.608031 0.68267 0.412215
0.391986 0.682642 0.412215
0.544712 0.712295 0.412215
0.533121 0.709119 0.412215
0.480049 0.711057 0.412215
0.2 0.4 0.412215
0.8 0.6 0.412215
0.6 0.2 0.412215
0.8 0.4 0.412215
0.4 0.2 0.412215
0.2 0.6 0.412215
0.6 0.8 0.412215
0.8 0.8 0.412215
0.2 0.8 0.412215
0.2 0.2 0.412215
0.8 0.2 0.412215
0.4 0.8 0.412215
0 0 0.412215
0.2 0 0.412215
0 0.2 0.412215
0.4 0 0.412215
0.6 0 0.412215
0.8 0 0.412215
1 0 0.412215
1 0.2 0.412215
0 0.4 0.412215
1 0.4 0.412215
0 0.6 0.412215
1 0.6 0.412215
0 0.8 0.412215
1 0.8 0.412215
0.2 1 0.412215
0 1 0.412215
0.4 1 0.412215
0.6 1 0.412215
0.8 1 0.412215
1 1 0.412215
0.5 0.7 0.54601
0.512558 0.699605 0.54601
0.525067 0.698423 0.54601
0.537476 0.696457 0.54601
0.549738 0.693717 0.54601
0.561803 0.690211 0.54601
0.573625 0.685955 0.54601
0.585156 0.680965 0.54601
0.596351 0.675261 0.54601
0.607165 0.668866 0.54601
0.617557 0.661803 0.54601
0.627485 0.654103 0.54601
0.636909 0.645794 0.54601
0.645794 0.636909 0.54601
0.654103 0.627485 0.54601
0.661803 0.617557 0.54601
0.668866 0.607165 0.54601
0.675261 0.596351 0.54601
0.680965 0.585156 0.54601
0.685955 0.573625 0.54601
0.690211 0.561803 0.54601
0.693717 0.549738 0.54601
0.696457 0.537476 0.54601
0.698423 0.525067 0.54601
0.699605 0.512558 0.54601
0.7 0.5 0.54601
0.699605 0.487442 0.54601
0.698423 0.474933 0.54601
0.696457 0.462524 0.54601
0.693717 0.450262 0.54601
0.690211 0.438197 0.54601
0.685955 0.426375 0.54601
0.680965 0.414844 0.54601
0.675261 0.403649 0.54601
0.668866 0.392835 0.54601
0.661803 0.382443 0.54601
0.654103 0.372515 0.54601
0.645794 0.363091 0.54601
0.636909 0.354206 0.54601
0.627485 0.345897 0.54601
0.617557 0.338197 0.54601
0.607165 0.331134 0.54601
0.596351 0.324739 0.54601
0.585156 0.319035 0.54601
0.573625 0.314045 0.54601
0.561803 0.309789 0.54601
0.549738 0.306283 0.54601
0.537476 0.303543 0.54601
0.525067 0.301577 0.54601
0.512558 0.300395 0.54601
0.5 0.3 0.54601
0.487442 0.300395 0.54601
0.474933 0.301577 0.54601
0.462524 0.303543 0.54601
0.450262 0.306283 0.54601
0.438197 0.309789 0.54601
0.426375 0.314045 0.54601
0.414844 0.319035 0.54601
0.403649 0.324739 0.54601
0.392835 0.331134 0.54601
0.382443 0.338197 0.54601
0.372515 0.345897 0.54601
0.363091 0.354206 0.54601
0.354206 0.363091 0.54601
0.345897 0.372515 0.54601
0.338197 0.382443 0.54601
0.331134 0.392835 0.54601
0.324739 0.403649 0.54601
0.319035 0.414844 0.54601
0.314045 0.426375 0.54601
0.309789 0.438197 0.54601
0.306283 0.450262 0.54601
0.303543 0.462524 0.54601
0.301577 0.474933 0.54601
0.300395 0.487442 0.54601
0.3 0.5 0.54601
0.300395 0.512558 0.54601
0.301577 0.525067 0.54601
0.303543 0.537476 0.54601
0.306283 0.549738 0.54601
0.309789 0.561803 0.54601
0.314045 0.573625 0.54601
0.319035 0.585156 0.54601
0.324739 0.596351 0.54601
0.331134 0.607165 0.54601
0.338197 0.617557 0.54601
0.345897 0.627485 0.54601
0.354206 0.636909 0.54601
0.363091 0.645794 0.54601
0.372515 0.654103 0.54601
0.382443 0.661803 0.54601
0.392835 0.668866 0.54601
0.403649 0.675261 0.54601
0.414844 0.680965 0.54601
0.426375 0.685955 0.54601
0.438197 0.690211 0.54601
0.450262 0.693717 0.54601
0.462524 0.696457 0.54601
0.474933 0.698423 0.54601
0.487442 0.699605 0.54601
0.68392 0.269389 0.54601
0.277156 0.680679 0.54601
0.730611 0.68392 0.54601
0.269389 0.31608 0.54601
0.772506 0.500014 0.54601
0.495706 0.769022 0.54601
0.500014 0.227494 0.54601
0.227494 0.499986 0.54601
0.331892 0.734369 0.54601
0.669479 0.734995 0.54601
0.327394 0.270043 0.54601
0.729957 0.327394 0.54601
0.619536 0.269952 0.54601
0.648912 0.305024 0.54601
0.673741 0.334205 0.54601
0.57261 0.266465 0.54601
0.532489 0.259702 0.54601
0.471579 0.255067 0.54601
0.429128 0.266412 0.54601
0.388444 0.28106 0.54601
0.269903 0.38056 0.54601
0.265685 0.427091 0.54601
0.259605 0.467474 0.54601
0.255053 0.528415 0.54601
0.26641 0.570871 0.54601
0.28106 0.611556 0.54601
0.305842 0.650605 0.54601
0.337197 0.680037 0.54601
0.306893 0.35338 0.54601
0.334439 0.326545 0.54601
0.730048 0.619536 0.54601
0.694976 0.648912 0.54601
0.664184 0.678895 0.54601
0.733535 0.57261 0.54601
0.740298 0.532489 0.54601
0.744933 0.471579 0.54601
0.733588 0.429128 0.54601
0.71894 0.388444 0.54601
0.397034 0.735432 0.54601
0.443906 0.735734 0.54601
0.602929 0.735952 0.54601
0.554151 0.74226 0.54601
0.512255 0.740001 0.54601
0.288032 0.406363 0.54601
0.301488 0.385258 0.54601
0.617987 0.299317 0.54601
0.594438 0.290503 0.54601
0.700683 0.617987 0.54601
0.709497 0.594438 0.54601
0.373589 0.699618 0.54601
0.624993 0.700916 0.54601
0.69334 0.369546 0.54601
0.369579 0.306701 0.54601
0.481855 0.730522 0.54601
0.578671 0.7152 0.54601
0.420538 0.712121 0.54601
0.278461 0.45048 0.54601
0.669663 0.650172 0.54601
0.650122 0.32972 0.54601
0.331574 0.350917 0.54601
0.549355 0.278952 0.54601
0.721048 0.549355 0.54601
0.332804 0.648095 0.54601
0.314344 0.623453 0.54601
0.709622 0.422707 0.54601
0.718358 0.452536 0.54601
0.452536 0.281642 0.54601
0.422707 0.290378 0.54601
0.281641 0.547463 0.54601
0.290378 0.577293 0.54601
0.636106 0.676931 0.54601
0.500522 0.276462 0.54601
0.723538 0.500522 0.54601
0.364871 0.674814 0.54601
0.276443 0.499471 0.54601
0.532982 0.722934 0.54601
0.293656 0.425712 0.54601
0.62327 0.318614 0.54601
0.681386 0.62327 0.54601
0.600212 0.696676 0.54601
0.400465 0.696883 0.54601
0.301857 0.600959 0.54601
0.321114 0.379226 0.54601
0.307292 0.401844 0.54601
0.439197 0.709284 0.54601
0.574374 0.296912 0.54601
0.703088 0.574374 0.54601
0.59853 0.306624 0.54601
0.693376 0.59853 0.54601
0.560803 0.709284 0.54601
0.347339 0.349237 0.54601
0.650995 0.34698 0.54601
0.652649 0.651862 0.54601
0.287502 0.46487 0.54601
0.712384 0.535093 0.54601
0.535093 0.287616 0.54601
0.327417 0.633439 0.54601
0.399041 0.301857 0.54601
0.698143 0.399041 0.54601
0.347704 0.652296 0.54601
0.479068 0.278567 0.54601
0.721433 0.479068 0.54601
0.278567 0.520932 0.54601
0.67268 0.366055 0.54601
0.366055 0.32732 0.54601
0.2909 0.561434 0.54601
0.438566 0.290901 0.54601
0.709099 0.438566 0.54601
0.507145 0.721095 0.54601
0.465805 0.715899 0.54601
0.316743 0.608051 0.54601
0.30479 0.584704 0.54601
0.291198 0.440924 0.54601
0.293397 0.453812 0.54601
0.634567 0.329765 0.54601
0.640058 0.341136 0.54601
0.670133 0.634576 0.54601
0.658468 0.640201 0.54601
0.621135 0.678245 0.54601
0.378939 0.678136 0.54601
0.304858 0.415554 0.54601
0.317153 0.392562 0.54601
0.68302 0.608238 0.54601
0.608238 0.31698 0.54601
0.585224 0.305424 0.54601
0.694576 0.585224 0.54601
0.330814 0.366414 0.54601
0.341749 0.360312 0.54601
0.708032 0.55901 0.54601
0.706328 0.546134 0.54601
0.55901 0.291968 0.54601
0.546134 0.293672 0.54601
0.659404 0.358014 0.54601
0.358075 0.340649 0.54601
0.415296 0.30479 0.54601
0.683962 0.390406 0.54601
0.69521 0.415296 0.54601
0.390408 0.316041 0.54601
0.641178 0.662473 0.54601
0.629355 0.667056 0.54601
0.359675 0.659167 0.54601
0.285659 0.481257 0.54601
0.290196 0.494963 0.54601
0.28912 0.505585 0.54601
0.518729 0.285697 0.54601
0.505032 0.290208 0.54601
0.494413 0.289126 0.54601
0.714303 0.518729 0.54601
0.709792 0.505032 0.54601
0.710874 0.494413 0.54601
0.710214 0.466866 0.54601
0.466866 0.289786 0.54601
0.289786 0.533134 0.54601
0.583376 0.695935 0.54601
0.571655 0.699317 0.54601
0.417229 0.695397 0.54601
0.428232 0.699344 0.54601
0.492546 0.713695 0.54601
0.522175 0.710235 0.54601
0.45324 0.70841 0.54601
0.380264 0.323878 0.54601
0.67613 0.380257 0.54601
0.608031 0.68267 0.54601
0.391986 0.682642 0.54601
0.544712 0.712295 0.54601
0.533121 0.709119 0.54601
0.480049 0.711057 0.54601
0.2 0.4 0.54601
0.8 0.6 0.54601
0.6 0.2 0.54601
0.8 0.4 0.54601
0.4 0.2 0.54601
0.2 0.6 0.54601
0.6 0.8 0.54601
0.8 0.8 0.54601
0.2 0.8 0.54601
0.2 0.2 0.54601
0.8 0.2 0.54601
0.4 0.8 0.54601
0 0 0.54601
0.2 0 0.54601
0 0.2 0.54601
0.4 0 0.54601
0.6 0 0.54601
0.8 0 0.54601
1 0 0.54601
1 0.2 0.54601
0 0.4 0.54601
1 0.4 0.54601
0 0.6 0.54601
1 0.6 0.54601
0 0.8 0.54601
1 0.8 0.54601
0.2 1 0.54601
0 1 0.54601
0.4 1 0.54601
0.6 1 0.54601
0.8 1 0.54601
1 1 0.54601
0.5 0.7 0.690983
0.512558 0.699605 0.690983
0.525067 0.698423 0.690983
0.537476 0.696457 0.690983
0.549738 0.693717 0.690983
0.561803 0.690211 0.690983
0.573625 0.685955 0.690983
0.585156 0.680965 0.690983
0.596351 0.675261 0.690983
0.607165 0.668866 0.690983
0.617557 0.661803 0.690983
0.627485 0.654103 0.690983
0.636909 0.645794 0.690983
0.645794 0.636909 0.690983
0.654103 0.627485 0.690983
0.661803 0.617557 0.690983
0.668866 0.607165 0.690983
0.675261 0.596351 0.690983
0.680965 0.585156 0.690983
0.685955 0.573625 0.690983
0.690211 0.561803 0.690983
0.693717 0.549738 0.690983
0.696457 0.537476 0.690983
0.698423 0.525067 0.690983
0.699605 0.512558 0.690983
0.7 0.5 0.690983
0.699605 0.487442 0.690983
0.698423 0.474933 0.690983
0.696457 0.462524 0.690983
0.693717 0.450262 0.690983
0.690211 0.438197 0.690983
0.685955 0.426375 0.690983
0.680965 0.414844 0.690983
0.675261 0.403649 0.690983
0.668866 0.392835 0.690983
0.661803 0.382443 0.690983
0.654103 0.372515 0.690983
0.645794 0.363091 0.690983
0.636909 0.354206 0.690983
0.627485 0.345897 0.690983
0.617557 0.338197 0.690983
0.607165 0.331134 0.690983
0.596351 0.324739 0.690983
0.585156 0.319035 0.690983
0.573625 0.314045 0.690983
0.561803 0.309789 0.690983
0.549738 0.306283 0.690983
0.537476 0.303543 0.690983
0.525067 0.301577 0.690983
0.512558 0.300395 0.690983
0.5 0.3 0.690983
0.487442 0.300395 0.690983
0.474933 0.301577 0.690983
0.462524 0.303543 0.690983
0.450262 0.306283 0.690983
0.438197 0.309789 0.690983
0.426375 0.314045 0.690983
0.414844 0.319035 0.690983
0.403649 0.324739 0.690983
0.392835 0.331134 0.690983
0.382443 0.338197 0.690983
0.372515 0.345897 0.690983
0.363091 0.354206 0.690983
0.354206 0.363091 0.690983
0.345897 0.372515 0.690983
0.338197 0.382443 0.690983
0.331134 0.392835 0.690983
0.324739 0.403649 0.690983
0.319035 0.414844 0.690983
0.314045 0.426375 0.690983
0.309789 0.438197 0.690983
0.306283 0.450262 0.690983
0.303543 0.462524 0.690983
0.301577 0.474933 0.690983
0.300395 0.487442 0.690983
0.3 0.5 0.690983
0.300395 0.512558 0.690983
0.301577 0.525067 0.690983
0.303543 0.537476 0.690983
0.306283 0.549738 0.690983
0.309789 0.561803 0.690983
0.314045 0.573625 0.690983
0.319035 0.585156 0.690983
0.324739 0.596351 0.690983
0.331134 0.607165 0.690983
0.338197 0.617557 0.690983
0.345897 0.627485 0.690983
0.354206 0.636909 0.690983
0.363091 0.645794 0.690983
0.372515 0.654103 0.690983
0.382443 0.661803 0.690983
0.392835 0.668866 0.690983
0.403649 0.675261 0.690983
0.414844 0.680965 0.690983
0.426375 0.685955 0.690983
0.438197 0.690211 0.690983
0.450262 0.693717 0.690983
0.462524 0.696457 0.690983
0.474933 0.698423 0.690983
0.487442 0.699605 0.690983
0.68392 0.269389 0.690983
0.277156 0.680679 0.690983
0.730611 0.68392 0.690983
0.269389 0.31608 0.690983
0.772506 0.500014 0.690983
0.495706 0.769022 0.690983
0.500014 0.227494 0.690983
0.227494 0.499986 0.690983
0.331892 0.734369 0.690983
0.669479 0.734995 0.690983
0.327394 0.270043 0.690983
0.729957 0.327394 0.690983
0.619536 0.269952 0.690983
0.648912 0.305024 0.690983
0.673741 0.334205 0.690983
0.57261 0.266465 0.690983
0.532489 0.259702 0.690983
0.471579 0.255067 0.690983
0.429128 0.266412 0.690983
0.388444 0.28106 0.690983
0.269903 0.38056 0.690983
0.265685 0.427091 0.690983
0.259605 0.467474 0.690983
0.255053 0.528415 0.690983
0.26641 0.570871 0.690983
0.28106 0.611556 0.690983
0.305842 0.650605 0.690983
0.337197 0.680037 0.690983
0.306893 0.35338 0.690983
0.334439 0.326545 0.690983
0.730048 0.619536 0.690983
0.694976 0.648912 0.690983
0.664184 0.678895 0.690983
0.733535 0.57261 0.690983
0.740298 0.532489 0.690983
0.744933 0.471579 0.690983
0.733588 0.429128 0.690983
0.71894 0.388444 0.690983
0.397034 0.735432 0.690983
0.443906 0.735734 0.690983
0.602929 0.735952 0.690983
0.554151 0.74226 0.690983
0.512255 0.740001 0.690983
0.288032 0.406363 0.690983
0.301488 0.385258 0.690983
0.617987 0.299317 0.690983
0.594438 0.290503 0.690983
0.700683 0.617987 0.690983
0.709497 0.594438 0.690983
0.373589 0.699618 0.690983
0.624993 0.700916 0.690983
0.69334 0.369546 0.690983
0.369579 0.306701 0.690983
0.481855 0.730522 0.690983
0.578671 0.7152 0.690983
0.420538 0.712121 0.690983
0.278461 0.45048 0.690983
0.669663 0.650172 0.690983
0.650122 0.32972 0.690983
0.331574 0.350917 0.690983
0.549355 0.278952 0.690983
0.721048 0.549355 0.690983
0.332804 0.648095 0.690983
0.314344 0.623453 0.690983
0.709622 0.422707 0.690983
0.718358 0.452536 0.690983
0.452536 0.281642 0.690983
0.422707 0.290378 0.690983
0.281641 0.547463 0.690983
0.290378 0.577293 0.690983
0.636106 0.676931 0.690983
0.500522 0.276462 0.690983
0.723538 0.500522 0.690983
0.364871 0.674814 0.690983
0.276443 0.499471 0.690983
0.532982 0.722934 0.690983
0.293656 0.425712 0.690983
0.62327 0.318614 0.690983
0.681386 0.62327 0.690983
0.600212 0.696676 0.690983
0.400465 0.696883 0.690983
0.301857 0.600959 0.690983
0.321114 0.379226 0.690983
0.307292 0.401844 0.690983
0.439197 0.709284 0.690983
0.574374 0.296912 0.690983
0.703088 0.574374 0.690983
0.59853 0.306624 0.690983
0.693376 0.59853 0.690983
0.560803 0.709284 0.690983
0.347339 0.349237 0.690983
0.650995 0.34698 0.690983
0.652649 0.651862 0.690983
0.287502 0.46487 0.690983
0.712384 0.535093 0.690983
0.535093 0.287616 0.690983
0.327417 0.633439 0.690983
0.399041 0.301857 0.690983
0.698143 0.399041 0.690983
0.347704 0.652296 0.690983
0.479068 0.278567 0.690983
0.721433 0.479068 0.690983
0.278567 0.520932 0.690983
0.67268 0.366055 0.690983
0.366055 0.32732 0.690983
0.2909 0.561434 0.690983
0.438566 0.290901 0.690983
0.709099 0.438566 0.690983
0.507145 0.721095 0.690983
0.465805 0.715899 0.690983
0.316743 0.608051 0.690983
0.30479 0.584704 0.690983
0.291198 0.440924 0.690983
0.293397 0.453812 0.690983
0.634567 0.329765 0.690983
0.640058 0.341136 0.690983
0.670133 0.634576 0.690983
0.658468 0.640201 0.690983
0.621135 0.678245 0.690983
0.378939 0.678136 0.690983
0.304858 0.415554 0.690983
0.317153 0.392562 0.690983
0.68302 0.608238 0.690983
0.608238 0.31698 0.690983
0.585224 0.305424 0.690983
0.694576 0.585224 0.690983
0.330814 0.366414 0.690983
0.341749 0.360312 0.690983
0.708032 0.55901 0.690983
0.706328 0.546134 0.690983
0.55901 0.291968 0.690983
0.546134 0.293672 0.690983
0.659404 0.358014 0.690983
0.358075 0.340649 0.690983
0.415296 0.30479 0.690983
0.683962 0.390406 0.690983
0.69521 0.415296 0.690983
0.390408 0.316041 0.690983
0.641178 0.662473 0.690983
0.629355 0.667056 0.690983
0.359675 0.659167 0.690983
0.285659 0.481257 0.690983
0.290196 0.494963 0.690983
0.28912 0.505585 0.690983
0.518729 0.285697 0.690983
0.505032 0.290208 0.690983
0.494413 0.289126 0.690983
0.714303 0.518729 0.690983
0.709792 0.505032 0.690983
0.710874 0.494413 0.690983
0.710214 0.466866 0.690983
0.466866 0.289786 0.690983
0.289786 0.533134 0.690983
0.583376 0.695935 0.690983
0.571655 0.699317 0.690983
0.417229 0.695397 0.690983
0.428232 0.699344 0.690983
0.492546 0.713695 0.690983
0.522175 0.710235 0.690983
0.45324 0.70841 0.690983
0.380264 0.323878 0.690983
0.67613 0.380257 0.690983
0.608031 0.68267 0.690983
0.391986 0.682642 0.690983
0.544712 0.712295 0.690983
0.533121 0.709119 0.690983
0.480049 0.711057 0.690983
0.2 0.4 0.690983
0.8 0.6 0.690983
0.6 0.2 0.690983
0.8 0.4 0.690983
0.4 0.2 0.690983
0.2 0.6 0.690983
0.6 0.8 0.690983
0.8 0.8 0.690983
0.2 0.8 0.690983
0.2 0.2 0.690983
0.8 0.2 0.690983
0.4 0.8 0.690983
0 0 0.690983
0.2 0 0.690983
0 0.2 0.690983
0.4 0 0.690983
0.6 0 0.690983
0.8 0 0.690983
1 0 0.690983
1 0.2 0.690983
0 0.4 0.690983
1 0.4 0.690983
0 0.6 0.690983
1 0.6 0.690983
0 0.8 0.690983
1 0.8 0.690983
0.2 1 0.690983
0 1 0.690983
0.4 1 0.690983
0.6 1 0.690983
0.8 1 0.690983
1 1 0.690983
0.5 0.7 0.843566
0.512558 0.699605 0.843566
0.525067 0.698423 0.843566
0.537476 0.696457 0.843566
0.549738 0.693717 0.843566
0.561803 0.690211 0.843566
0.573625 0.685955 0.843566
0.585156 0.680965 0.843566
0.596351 0.675261 0.843566
0.607165 0.668866 0.843566
0.617557 0.661803 0.843566
0.627485 0.654103 0.843566
0.636909 0.645794 0.843566
0.645794 0.636909 0.843566
0.654103 0.627485 0.843566
0.661803 0.617557 0.843566
0.668866 0.607165 0.843566
0.675261 0.596351 0.843566
0.680965 0.585156 0.843566
0.685955 0.573625 0.843566
0.690211 0.561803 0.843566
0.693717 0.549738 0.843566
0.696457 0.537476 0.843566
0.698423 0.525067 0.843566
0.699605 0.512558 0.843566
0.7 0.5 0.843566
0.699605 0.487442 0.843566
0.698423 0.474933 0.843566
0.696457 0.462524 0.843566
0.693717 0.450262 0.843566
0.690211 0.438197 0.843566
0.685955 0.426375 0.843566
0.680965 0.414844 0.843566
0.675261 0.403649 0.843566
0.668866 0.392835 0.843566
0.661803 0.382443 0.843566
0.654103 0.372515 0.843566
0.645794 0.363091 0.843566
0.636909 0.354206 0.843566
0.627485 0.345897 0.843566
0.617557 0.338197 0.843566
0.607165 0.331134 0.843566
0.596351 0.324739 0.843566
0.585156 0.319035 0.843566
0.573625 0.314045 0.843566
0.561803 0.309789 0.843566
0.549738 0.306283 0.843566
0.537476 0.303543 0.843566
0.525067 0.301577 0.843566
0.512558 0.300395 0.843566
0.5 0.3 0.843566
0.487442 0.300395 0.843566
0.474933 0.301577 0.843566
0.462524 0.303543 0.843566
0.450262 0.306283 0.843566
0.438197 0.309789 0.843566
0.426375 0.314045 0.843566
0.414844 0.319035 0.843566
0.403649 0.324739 0.843566
0.392835 0.331134 0.843566
0.382443 0.338197 0.843566
0.372515 0.345897 0.843566
0.363091 0.354206 0.843566
0.354206 0.363091 0.843566
0.345897 0.372515 0.843566
0.338197 0.382443 0.843566
0.331134 0.392835 0.843566
0.324739 0.403649 0.843566
0.319035 0.414844 0.843566
0.314045 0.426375 0.843566
0.309789 0.438197 0.843566
0.306283 0.450262 0.843566
0.303543 0.462524 0.843566
0.301577 0.474933 0.843566
0.300395 0.487442 0.843566
0.3 0.5 0.843566
0.300395 0.512558 0.843566
0.301577 0.525067 0.843566
0.303543 0.537476 0.843566
0.306283 0.549738 0.843566
0.309789 0.561803 0.843566
0.314045 0.573625 0.843566
0.319035 0.585156 0.843566
0.324739 0.596351 0.843566
0.331134 0.607165 0.843566
0.338197 0.617557 0.843566
0.345897 0.627485 0.843566
0.354206 0.636909 0.843566
0.363091 0.645794 0.843566
0.372515 0.654103 0.843566
0.382443 0.661803 0.843566
0.392835 0.668866 0.843566
0.403649 0.675261 0.843566
0.414844 0.680965 0.843566
0.426375 0.685955 0.843566
0.438197 0.690211 0.843566
0.450262 0.693717 0.843566
0.462524 0.696457 0.843566
0.474933 0.698423 0.843566
0.487442 0.699605 0.843566
0.68392 0.269389 0.843566
0.277156 0.680679 0.843566
0.730611 0.68392 0.843566
0.269389 0.31608 0.843566
0.772506 0.500014 0.843566
0.495706 0.769022 0.843566
0.500014 0.227494 0.843566
0.227494 0.499986 0.843566
0.331892 0.734369 0.843566
0.669479 0.734995 0.843566
0.327394 0.270043 0.843566
0.729957 0.327394 0.843566
0.619536 0.269952 0.843566
0.648912 0.305024 0.843566
0.673741 0.334205 0.843566
0.57261 0.266465 0.843566
0.532489 0.259702 0.843566
0.471579 0.255067 0.843566
0.429128 0.266412 0.843566
0.388444 0.28106 0.843566
0.269903 0.38056 0.843566
0.265685 0.427091 0.843566
0.259605 0.467474 0.843566
0.255053 0.528415 0.843566
0.26641 0.570871 0.843566
0.28106 0.611556 0.843566
0.305842 0.650605 0.843566
0.337197 0.680037 0.843566
0.306893 0.35338 0.843566
0.334439 0.326545 0.843566
0.730048 0.619536 0.843566
0.694976 0.648912 0.843566
0.664184 0.678895 0.843566
0.733535 0.57261 0.843566
0.740298 0.532489 0.843566
0.744933 0.471579 0.843566
0.733588 0.429128 0.843566
0.71894 0.388444 0.843566
0.397034 0.735432 0.843566
0.443906 0.735734 0.843566
0.602929 0.735952 0.843566
0.554151 0.74226 0.843566
0.512255 0.740001 0.843566
0.288032 0.406363 0.843566
0.301488 0.385258 0.843566
0.617987 0.299317 0.843566
0.594438 0.290503 0.843566
0.700683 0.617987 0.843566
0.709497 0.594438 0.843566
0.373589 0.699618 0.843566
0.624993 0.700916 0.843566
0.69334 0.369546 0.843566
0.369579 0.306701 0.843566
0.481855 0.730522 0.843566
0.578671 0.7152 0.843566
0.420538 0.712121 0.843566
0.278461 0.45048 0.843566
0.669663 0.650172 0.843566
0.650122 0.32972 0.843566
0.331574 0.350917 0.843566
0.549355 0.278952 0.843566
0.721048 0.549355 0.843566
0.332804 0.648095 0.843566
0.314344 0.623453 0.843566
0.709622 0.422707 0.843566
0.718358 0.452536 0.843566
0.452536 0.281642 0.843566
0.422707 0.290378 0.843566
0.281641 0.547463 0.843566
0.290378 0.577293 0.843566
0.636106 0.676931 0.843566
0.500522 0.276462 0.843566
0.723538 0.500522 0.843566
0.364871 0.674814 0.843566
0.276443 0.499471 0.843566
0.532982 0.722934 0.843566
0.293656 0.425712 0.843566
0.62327 0.318614 0.843566
0.681386 0.62327 0.843566
0.600212 0.696676 0.843566
0.400465 0.696883 0.843566
0.301857 0.600959 0.843566
0.321114 0.379226 0.843566
0.307292 0.401844 0.843566
0.439197 0.709284 0.843566
0.574374 0.296912 0.843566
0.703088 0.574374 0.843566
0.59853 0.306624 0.843566
0.693376 0.59853 0.843566
0.560803 0.709284 0.843566
0.347339 0.349237 0.843566
0.650995 0.34698 0.843566
0.652649 0.651862 0.843566
0.287502 0.46487 0.843566
0.712384 0.535093 0.843566
0.535093 0.287616 0.843566
0.327417 0.633439 0.843566
0.399041 0.301857 0.843566
0.698143 0.399041 0.843566
0.347704 0.652296 0.843566
0.479068 0.278567 0.843566
0.721433 0.479068 0.843566
0.278567 0.520932 0.843566
0.67268 0.366055 0.843566
0.366055 0.32732 0.843566
0.2909 0.561434 0.843566
0.438566 0.290901 0.843566
0.709099 0.438566 0.843566
0.507145 0.721095 0.843566
0.465805 0.715899 0.843566
0.316743 0.608051 0.843566
0.30479 0.584704 0.843566
0.291198 0.440924 0.843566
0.293397 0.453812 0.843566
0.634567 0.329765 0.843566
0.640058 0.341136 0.843566
0.670133 0.634576 0.843566
0.658468 0.640201 0.843566
0.621135 0.678245 0.843566
0.378939 0.678136 0.843566
0.304858 0.415554 0.843566
0.317153 0.392562 0.843566
0.68302 0.608238 0.843566
0.608238 0.31698 0.843566
0.585224 0.305424 0.843566
0.694576 0.585224 0.843566
0.330814 0.366414 0.843566
0.341749 0.360312 0.843566
0.708032 0.55901 0.843566
0.706328 0.546134 0.843566
0.55901 0.291968 0.843566
0.546134 0.293672 0.843566
0.659404 0.358014 0.843566
0.358075 0.340649 0.843566
0.415296 0.30479 0.843566
0.683962 0.390406 0.843566
0.69521 0.415296 0.843566
0.390408 0.316041 0.843566
0.641178 0.662473 0.843566
0.629355 0.667056 0.843566
0.359675 0.659167 0.843566
0.285659 0.481257 0.843566
0.290196 0.494963 0.843566
0.28912 0.505585 0.843566
0.518729 0.285697 0.843566
0.505032 0.290208 0.843566
0.494413 0.289126 0.843566
0.714303 0.518729 0.843566
0.709792 0.505032 0.843566
0.710874 0.494413 0.843566
0.710214 0.466866 0.843566
0.466866 0.289786 0.843566
0.289786 0.533134 0.843566
0.583376 0.695935 0.843566
0.571655 0.699317 0.843566
0.417229 0.695397 0.843566
0.428232 0.699344 0.843566
0.492546 0.713695 0.843566
0.522175 0.710235 0.843566
0.45324 0.70841 0.843566
0.380264 0.323878 0.843566
0.67613 0.380257 0.843566
0.608031 0.68267 0.843566
0.391986 0.682642 0.843566
0.544712 0.712295 0.843566
0.533121 0.709119 0.843566
0.480049 0.711057 0.843566
0.2 0.4 0.843566
0.8 0.6 0.843566
0.6 0.2 0.843566
0.8 0.4 0.843566
0.4 0.2 0.843566
0.2 0.6 0.843566
0.6 0.8 0.843566
0.8 0.8 0.843566
0.2 0.8 0.843566
0.2 0.2 0.843566
0.8 0.2 0.843566
0.4 0.8 0.843566
0 0 0.843566
0.2 0 0.843566
0 0.2 0.843566
0.4 0 0.843566
0.6 0 0.843566
0.8 0 0.843566
1 0 0.843566
1 0.2 0.843566
0 0.4 0.843566
1 0.4 0.843566
0 0.6 0.843566
1 0.6 0.843566
0 0.8 0.843566
1 0.8 0.843566
0.2 1 0.843566
0 1 0.843566
0.4 1 0.843566
0.6 1 0.843566
0.8 1 0.843566
1 1 0.843566
0.5 0.7 1
0.512558 0.699605 1
0.525067 0.698423 1
0.537476 0.696457 1
0.549738 0.693717 1
0.561803 0.690211 1
0.573625 0.685955 1
0.585156 0.680965 1
0.596351 0.675261 1
0.607165 0.668866 1
0.617557 0.661803 1
0.627485 0.654103 1
0.636909 0.645794 1
0.645794 0.636909 1
0.654103 0.627485 1
0.661803 0.617557 1
0.668866 0.607165 1
0.675261 0.596351 1
0.680965 0.585156 1
0.685955 0.573625 1
0.690211 0.561803 1
0.693717 0.549738 1
0.696457 0.537476 1
0.698423 0.525067 1
0.699605 0.512558 1
0.7 0.5 1
0.699605 0.487442 1
0.698423 0.474933 1
0.696457 0.462524 1
0.693717 0.450262 1
0.690211 0.438197 1
0.685955 0.426375 1
0.680965 0.414844 1
0.675261 0.403649 1
0.668866 0.392835 1
0.661803 0.382443 1
0.654103 0.372515 1
0.645794 0.363091 1
0.636909 0.354206 1
0.627485 0.345897 1
0.617557 0.338197 1
0.607165 0.331134 1
0.596351 0.324739 1
0.585156 0.319035 1
0.573625 0.314045 1
0.561803 0.309789 1
0.549738 0.306283 1
0.537476 0.303543 1
0.525067 0.301577 1
0.512558 0.300395 1
0.5 0.3 1
0.487442 0.300395 1
0.474933 0.301577 1
0.462524 0.303543 1
0.450262 0.306283 1
0.438197 0.309789 1
0.426375 0.314045 1
0.414844 0.319035 1
0.403649 0.324739 1
0.392835 0.331134 1
0.382443 0.338197 1
0.372515 0.345897 1
0.363091 0.354206 1
0.354206 0.363091 1
0.345897 0.372515 1
0.338197 0.382443 1
0.331134 0.392835 1
0.324739 0.403649 1
0.319035 0.414844 1
0.314045 0.426375 1
0.309789 0.438197 1
0.306283 0.450262 1
0.303543 0.462524 1
0.301577 0.474933 1
0.300395 0.487442 1
0.3 0.5 1
0.300395 0.512558 1
0.301577 0.525067 1
0.303543 0.537476 1
0.306283 0.549738 1
0.309789 0.561803 1
0.314045 0.573625 1
0.319035 0.585156 1
0.324739 0.596351 1
0.331134 0.607165 1
0.338197 0.617557 1
0.345897 0.627485 1
0.354206 0.636909 1
0.363091 0.645794 1
0.372515 0.654103 1
0.382443 0.661803 1
0.392835 0.668866 1
0.403649 0.675261 1
0.414844 0.680965 1
0.426375 0.685955 1
0.438197 0.690211 1
0.450262 0.693717 1
0.462524 0.696457 1
0.474933 0.698423 1
0.487442 0.699605 1
0.68392 0.269389 1
0.277156 0.680679 1
0.730611 0.68392 1
0.269389 0.31608 1
0.772506 0.500014 1
0.495706 0.769022 1
0.500014 0.227494 1
0.227494 0.499986 1
0.331892 0.734369 1
0.669479 0.734995 1
0.327394 0.270043 1
0.729957 0.327394 1
0.619536 0.269952 1
0.648912 0.305024 1
0.673741 0.334205 1
0.57261 0.266465 1
0.532489 0.259702 1
0.471579 0.255067 1
0.429128 0.266412 1
0.388444 0.28106 1
0.269903 0.38056 1
0.265685 0.427091 1
0.259605 0.467474 1
0.255053 0.528415 1
0.26641 0.570871 1
0.28106 0.611556 1
0.305842 0.650605 1
0.337197 0.680037 1
0.306893 0.35338 1
0.334439 0.326545 1
0.730048 0.619536 1
0.694976 0.648912 1
0.664184 0.678895 1
0.733535 0.57261 1
0.740298 0.532489 1
0.744933 0.471579 1
0.733588 0.429128 1
0.71894 0.388444 1
0.397034 0.735432 1
0.443906 0.735734 1
0.602929 0.735952 1
0.554151 0.74226 1
0.512255 0.740001 1
0.288032 0.406363 1
0.301488 0.385258 1
0.617987 0.299317 1
0.594438 0.290503 1
0.700683 0.617987 1
0.709497 0.594438 1
0.373589 0.699618 1
0.624993 0.700916 1
0.69334 0.369546 1
0.369579 0.306701 1
0.481855 0.730522 1
0.578671 0.7152 1
0.420538 0.712121 1
0.278461 0.45048 1
0.669663 0.650172 1
0.650122 0.32972 1
0.331574 0.350917 1
0.549355 0.278952 1
0.721048 0.549355 1
0.332804 0.648095 1
0.314344 0.623453 1
0.709622 0.422707 1
0.718358 0.452536 1
0.452536 0.281642 1
0.422707 0.290378 1
0.281641 0.547463 1
0.290378 0.577293 1
0.636106 0.676931 1
0.500522 0.276462 1
0.723538 0.500522 1
0.364871 0.674814 1
0.276443 0.499471 1
0.532982 0.722934 1
0.293656 0.425712 1
0.62327 0.318614 1
0.681386 0.62327 1
0.600212 0.696676 1
0.400465 0.696883 1
0.301857 0.600959 1
0.321114 0.379226 1
0.307292 0.401844 1
0.439197 0.709284 1
0.574374 0.296912 1
0.703088 0.574374 1
0.59853 0.306624 1
0.693376 0.59853 1
0.560803 0.709284 1
0.347339 0.349237 1
0.650995 0.34698 1
0.652649 0.651862 1
0.287502 0.46487 1
0.712384 0.535093 1
0.535093 0.287616 1
0.327417 0.633439 1
0.399041 0.301857 1
0.698143 0.399041 1
0.347704 0.652296 1
0.479068 0.278567 1
0.721433 0.479068 1
0.278567 0.520932 1
0.67268 0.366055 1
0.366055 0.32732 1
0.2909 0.561434 1
0.438566 0.290901 1
0.709099 0.438566 1
0.507145 0.721095 1
0.465805 0.715899 1
0.316743 0.608051 1
0.30479 0.584704 1
0.291198 0.440924 1
0.293397 0.453812 1
0.634567 0.329765 1
0.640058 0.341136 1
0.670133 0.634576 1
0.658468 0.640201 1
0.621135 0.678245 1
0.378939 0.678136 1
0.304858 0.415554 1
0.317153 0.392562 1
0.68302 0.608238 1
0.608238 0.31698 1
0.585224 0.305424 1
0.694576 0.585224 1
0.330814 0.366414 1
0.341749 0.360312 1
0.708032 0.55901 1
0.706328 0.546134 1
0.55901 0.291968 1
0.546134 0.293672 1
0.659404 0.358014 1
0.358075 0.340649 1
0.415296 0.30479 1
0.683962 0.390406 1
0.69521 0.415296 1
0.390408 0.316041 1
0.641178 0.662473 1
0.629355 0.667056 1
0.359675 0.659167 1
0.285659 0.481257 1
0.290196 0.494963 1
0.28912 0.505585 1
0.518729 0.285697 1
0.505032 0.290208 1
0.494413 0.289126 1
0.714303 0.518729 1
0.709792 0.505032 1
0.710874 0.494413 1
0.710214 0.466866 1
0.466866 0.289786 1
0.289786 0.533134 1
0.583376 0.695935 1
0.571655 0.699317 1
0.417229 0.695397 1
0.428232 0.699344 1
0.492546 0.713695 1
0.522175 0.710235 1
0.45324 0.70841 1
0.380264 0.323878 1
0.67613 0.380257 1
0.608031 0.68267 1
0.391986 0.682642 1
0.544712 0.712295 1
0.533121 0.709119 1
0.480049 0.711057 1
0.2 0.4 1
0.8 0.6 1
0.6 0.2 1
0.8 0.4 1
0.4 0.2 1
0.2 0.6 1
0.6 0.8 1
0.8 0.8 1
0.2 0.8 1
0.2 0.2 1
0.8 0.2 1
0.4 0.8 1
0 0 1
0.2 0 1
0 0.2 1
0.4 0 1
0.6 0 1
0.8 0 1
1 0 1
1 0.2 1
0 0.4 1
1 0.4 1
0 0.6 1
1 0.6 1
0 0.8 1
1 0.8 1
0.2 1 1
0 1 1
0.4 1 1
0.6 1 1
0.8 1 1
1 1 1