8 6 0 1 7 42 36 37 43
8 7 1 2 8 43 37 38 44
8 8 2 3 9 44 38 39 45
8 9 3 4 10 45 39 40 46
8 10 4 5 11 46 40 41 47
8 12 6 7 13 48 42 43 49
8 13 7 8 14 49 43 44 50
8 14 8 9 15 50 44 45 51
8 15 9 10 16 51 45 46 52
8 16 10 11 17 52 46 47 53
8 18 12 13 19 54 48 49 55
8 19 13 14 20 55 49 50 56
8 20 14 15 21 56 50 51 57
8 21 15 16 22 57 51 52 58
8 22 16 17 23 58 52 53 59
8 24 18 19 25 60 54 55 61
8 25 19 20 26 61 55 56 62
8 26 20 21 27 62 56 57 63
8 27 21 22 28 63 57 58 64
8 28 22 23 29 64 58 59 65
8 30 24 25 31 66 60 61 67
8 31 25 26 32 67 61 62 68
8 32 26 27 33 68 62 63 69
8 33 27 28 34 69 63 64 70
8 34 28 29 35 70 64 65 71
8 42 36 37 43 78 72 73 79
8 43 37 38 44 79 73 74 80
8 44 38 39 45 80 74 75 81
8 45 39 40 46 81 75 76 82
8 46 40 41 47 82 76 77 83
8 48 42 43 49 84 78 79 85
8 49 43 44 50 85 79 80 86
8 50 44 45 51 86 80 81 87
8 51 45 46 52 87 81 82 88
8 52 46 47 53 88 82 83 89
8 54 48 49 55 90 84 85 91
8 55 49 50 56 91 85 86 92
8 56 50 51 57 92 86 87 93
8 57 51 52 58 93 87 88 94
8 58 52 53 59 94 88 89 95
8 60 54 55 61 96 90 91 97
8 61 55 56 62 97 91 92 98
8 62 56 57 63 98 92 93 99
8 63 57 58 64 99 93 94 100
8 64 58 59 65 100 94 95 101
8 66 60 61 67 102 96 97 103
8 67 61 62 68 103 97 98 104
8 68 62 63 69 104 98 99 105
8 69 63 64 70 105 99 100 106
8 70 64 65 71 106 100 101 107
8 78 72 73 79 114 108 109 115
8 79 73 74 80 115 109 110 116
8 80 74 75 81 116 110 111 117
8 81 75 76 82 117 111 112 118
8 82 76 77 83 118 112 113 119
8 84 78 79 85 120 114 115 121
8 85 79 80 86 121 115 116 122
8 86 80 81 87 122 116 117 123
8 87 81 82 88 123 117 118 124
8 88 82 83 89 124 118 119 125
8 90 84 85 91 126 120 121 127
8 91 85 86 92 127 121 122 128
8 92 86 87 93 128 122 123 129
8 93 87 88 94 129 123 124 130
8 94 88 89 95 130 124 125 131
8 96 90 91 97 132 126 127 133
8 97 91 92 98 133 127 128 134
8 98 92 93 99 134 128 129 135
8 99 93 94 100 135 129 130 136
8 100 94 95 101 136 130 131 137
8 102 96 97 103 138 132 133 139
8 103 97 98 104 139 133 134 140
8 104 98 99 105 140 134 135 141
8 105 99 100 106 141 135 136 142
8 106 100 101 107 142 136 137 143
8 114 108 109 115 150 144 145 151
8 115 109 110 116 151 145 146 152
8 116 110 111 117 152 146 147 153
8 117 111 112 118 153 147 148 154
8 118 112 113 119 154 148 149 155
8 120 114 115 121 156 150 151 157
8 121 115 116 122 157 151 152 158
8 122 116 117 123 158 152 153 159
8 123 117 118 124 159 153 154 160
8 124 118 119 125 160 154 155 161
8 126 120 121 127 162 156 157 163
8 127 121 122 128 163 157 158 164
8 128 122 123 129 164 158 159 165
8 129 123 124 130 165 159 160 166
8 130 124 125 131 166 160 161 167
8 132 126 127 133 168 162 163 169
8 133 127 128 134 169 163 164 170
8 134 128 129 135 170 164 165 171
8 135 129 130 136 171 165 166 172
8 136 130 131 137 172 166 167 173
8 138 132 133 139 174 168 169 175
8 139 133 134 140 175 169 170 176
8 140 134 135 141 176 170 171 177
8 141 135 136 142 177 171 172 178
8 142 136 137 143 178 172 173 179
8 150 144 145 151 186 180 181 187
8 151 145 146 152 187 181 182 188
8 152 146 147 153 188 182 183 189
8 153 147 148 154 189 183 184 190
8 154 148 149 155 190 184 185 191
8 156 150 151 157 192 186 187 193
8 157 151 152 158 193 187 188 194
8 158 152 153 159 194 188 189 195
8 159 153 154 160 195 189 190 196
8 160 154 155 161 196 190 191 197
8 162 156 157 163 198 192 193 199
8 163 157 158 164 199 193 194 200
8 164 158 159 165 200 194 195 201
8 165 159 160 166 201 195 196 202
8 166 160 161 167 202 196 197 203
8 168 162 163 169 204 198 199 205
8 169 163 164 170 205 199 200 206
8 170 164 165 171 206 200 201 207
8 171 165 166 172 207 201 202 208
8 172 166 167 173 208 202 203 209
8 174 168 169 175 210 204 205 211
8 175 169 170 176 211 205 206 212
8 176 170 171 177 212 206 207 213
8 177 171 172 178 213 207 208 214
8 178 172 173 179 214 208 209 215
8 186 180 181 187 222 216 217 223
8 187 181 182 188 223 217 218 224
8 188 182 183 189 224 218 219 225
8 189 183 184 190 225 219 220 226
8 190 184 185 191 226 220 221 227
8 192 186 187 193 228 222 223 229
8 193 187 188 194 229 223 224 230
8 194 188 189 195 230 224 225 231
8 195 189 190 196 231 225 226 232
8 196 190 191 197 232 226 227 233
8 198 192 193 199 234 228 229 235
8 199 193 194 200 235 229 230 236
8 200 194 195 201 236 230 231 237
8 201 195 196 202 237 231 232 238
8 202 196 197 203 238 232 233 239
8 204 198 199 205 240 234 235 241
8 205 199 200 206 241 235 236 242
8 206 200 201 207 242 236 237 243
8 207 201 202 208 243 237 238 244
8 208 202 203 209 244 238 239 245
8 210 204 205 211 246 240 241 247
8 211 205 206 212 247 241 242 248
8 212 206 207 213 248 242 243 249
8 213 207 208 214 249 243 244 250
8 214 208 209 215 250 244 245 251
8 222 216 217 223 258 252 253 259
8 223 217 218 224 259 253 254 260
8 224 218 219 225 260 254 255 261
8 225 219 220 226 261 255 256 262
8 226 220 221 227 262 256 257 263
8 228 222 223 229 264 258 259 265
8 229 223 224 230 265 259 260 266
8 230 224 225 231 266 260 261 267
8 231 225 226 232 267 261 262 268
8 232 226 227 233 268 262 263 269
8 234 228 229 235 270 264 265 271
8 235 229 230 236 271 265 266 272
8 236 230 231 237 272 266 267 273
8 237 231 232 238 273 267 268 274
8 238 232 233 239 274 268 269 275
8 240 234 235 241 276 270 271 277
8 241 235 236 242 277 271 272 278
8 242 236 237 243 278 272 273 279
8 243 237 238 244 279 273 274 280
8 244 238 239 245 280 274 275 281
8 246 240 241 247 282 276 277 283
8 247 241 242 248 283 277 278 284
8 248 242 243 249 284 278 279 285
8 249 243 244 250 285 279 280 286
8 250 244 245 251 286 280 281 287
8 258 252 253 259 294 288 289 295
8 259 253 254 260 295 289 290 296
8 260 254 255 261 296 290 291 297
8 261 255 256 262 297 291 292 298
8 262 256 257 263 298 292 293 299
8 264 258 259 265 300 294 295 301
8 265 259 260 266 301 295 296 302
8 266 260 261 267 302 296 297 303
8 267 261 262 268 303 297 298 304
8 268 262 263 269 304 298 299 305
8 270 264 265 271 306 300 301 307
8 271 265 266 272 307 301 302 308
8 272 266 267 273 308 302 303 309
8 273 267 268 274 309 303 304 310
8 274 268 269 275 310 304 305 311
8 276 270 271 277 312 306 307 313
8 277 271 272 278 313 307 308 314
8 278 272 273 279 314 308 309 315
8 279 273 274 280 315 309 310 316
8 280 274 275 281 316 310 311 317
8 282 276 277 283 318 312 313 319
8 283 277 278 284 319 313 314 320
8 284 278 279 285 320 314 315 321
8 285 279 280 286 321 315 316 322
8 286 280 281 287 322 316 317 323
8 294 288 289 295 330 324 325 331
8 295 289 290 296 331 325 326 332
8 296 290 291 297 332 326 327 333
8 297 291 292 298 333 327 328 334
8 298 292 293 299 334 328 329 335
8 300 294 295 301 336 330 331 337
8 301 295 296 302 337 331 332 338
8 302 296 297 303 338 332 333 339
8 303 297 298 304 339 333 334 340
8 304 298 299 305 340 334 335 341
8 306 300 301 307 342 336 337 343
8 307 301 302 308 343 337 338 344
8 308 302 303 309 344 338 339 345
8 309 303 304 310 345 339 340 346
8 310 304 305 311 346 340 341 347
8 312 306 307 313 348 342 343 349
8 313 307 308 314 349 343 344 350
8 314 308 309 315 350 344 345 351
8 315 309 310 316 351 345 346 352
8 316 310 311 317 352 346 347 353
8 318 312 313 319 354 348 349 355
8 319 313 314 320 355 349 350 356
8 320 314 315 321 356 350 351 357
8 321 315 316 322 357 351 352 358
8 322 316 317 323 358 352 353 359
8 330 324 325 331 366 360 361 367
8 331 325 326 332 367 361 362 368
8 332 326 327 333 368 362 363 369
8 333 327 328 334 369 363 364 370
8 334 328 329 335 370 364 365 371
8 336 330 331 337 372 366 367 373
8 337 331 332 338 373 367 368 374
8 338 332 333 339 374 368 369 375
8 339 333 334 340 375 369 370 376
8 340 334 335 341 376 370 371 377
8 342 336 337 343 378 372 373 379
8 343 337 338 344 379 373 374 380
8 344 338 339 345 380 374 375 381
8 345 339 340 346 381 375 376 382
8 346 340 341 347 382 376 377 383
8 348 342 343 349 384 378 379 385
8 349 343 344 350 385 379 380 386
8 350 344 345 351 386 380 381 387
8 351 345 346 352 387 381 382 388
8 352 346 347 353 388 382 383 389
8 354 348 349 355 390 384 385 391
8 355 349 350 356 391 385 386 392
8 356 350 351 357 392 386 387 393
8 357 351 352 358 393 387 388 394
8 358 352 353 359 394 388 389 395