0 0 0
0.2 0 0
0.4 0 0
0.6 0 0
0.8 0 0
1 0 0
0 0.2 0
0.2 0.2 0
0.4 0.2 0
0.6 0.2 0
0.8 0.2 0
1 0.2 0
0 0.4 0
0.2 0.4 0
0.4 0.4 0
0.6 0.4 0
0.8 0.4 0
1 0.4 0
0 0.6 0
0.2 0.6 0
0.4 0.6 0
0.6 0.6 0
0.8 0.6 0
1 0.6 0
0 0.8 0
0.2 0.8 0
0.4 0.8 0
0.6 0.8 0
0.8 0.8 0
1 0.8 0
0 1 0
0.2 1 0
0.4 1 0
0.6 1 0
0.8 1 0
1 1 0
0 0 0.0123117
0.2 0 0.0123117
0.4 0 0.0123117
0.6 0 0.0123117
0.8 0 0.0123117
1 0 0.0123117
0 0.2 0.0123117
0.2 0.2 0.0123117
0.4 0.2 0.0123117
0.6 0.2 0.0123117
0.8 0.2 0.0123117
1 0.2 0.0123117
0 0.4 0.0123117
0.2 0.4 0.0123117
0.4 0.4 0.0123117
0.6 0.4 0.0123117
0.8 0.4 0.0123117
1 0.4 0.0123117
0 0.6 0.0123117
0.2 0.6 0.0123117
0.4 0.6 0.0123117
0.6 0.6 0.0123117
0.8 0.6 0.0123117
1 0.6 0.0123117
0 0.8 0.0123117
0.2 0.8 0.0123117
0.4 0.8 0.0123117
0.6 0.8 0.0123117
0.8 0.8 0.0123117
1 0.8 0.0123117
0 1 0.0123117
0.2 1 0.0123117
0.4 1 0.0123117
0.6 1 0.0123117
0.8 1 0.0123117
1 1 0.0123117
0 0 0.0489435
0.2 0 0.0489435
0.4 0 0.0489435
0.6 0 0.0489435
0.8 0 0.0489435
1 0 0.0489435
0 0.2 0.0489435
0.2 0.2 0.0489435
0.4 0.2 0.0489435
0.6 0.2 0.0489435
0.8 0.2 0.0489435
1 0.2 0.0489435
0 0.4 0.0489435
0.2 0.4 0.0489435
0.4 0.4 0.0489435
0.6 0.4 0.0489435
0.8 0.4 0.0489435
1 0.4 0.0489435
0 0.6 0.0489435
0.2 0.6 0.0489435
0.4 0.6 0.0489435
0.6 0.6 0.0489435
0.8 0.6 0.0489435
1 0.6 0.0489435
0 0.8 0.0489435
0.2 0.8 0.0489435
0.4 0.8 0.0489435
0.6 0.8 0.0489435
0.8 0.8 0.0489435
1 0.8 0.0489435
0 1 0.0489435
0.2 1 0.0489435
0.4 1 0.0489435
0.6 1 0.0489435
0.8 1 0.0489435
1 1 0.0489435
0 0 0.108993
0.2 0 0.108993
0.4 0 0.108993
0.6 0 0.108993
0.8 0 0.108993
1 0 0.108993
0 0.2 0.108993
0.2 0.2 0.108993
0.4 0.2 0.108993
0.6 0.2 0.108993
0.8 0.2 0.108993
1 0.2 0.108993
0 0.4 0.108993
0.2 0.4 0.108993
0.4 0.4 0.108993
0.6 0.4 0.108993
0.8 0.4 0.108993
1 0.4 0.108993
0 0.6 0.108993
0.2 0.6 0.108993
0.4 0.6 0.108993
0.6 0.6 0.108993
0.8 0.6 0.108993
1 0.6 0.108993
0 0.8 0.108993
0.2 0.8 0.108993
0.4 0.8 0.108993
0.6 0.8 0.108993
0.8 0.8 0.108993
1 0.8 0.108993
0 1 0.108993
0.2 1 0.108993
0.4 1 0.108993
0.6 1 0.108993
0.8 1 0.108993
1 1 0.108993
0 0 0.190983
0.2 0 0.190983
0.4 0 0.190983
0.6 0 0.190983
0.8 0 0.190983
1 0 0.190983
0 0.2 0.190983
0.2 0.2 0.190983
0.4 0.2 0.190983
0.6 0.2 0.190983
0.8 0.2 0.190983
1 0.2 0.190983
0 0.4 0.190983
0.2 0.4 0.190983
0.4 0.4 0.190983
0.6 0.4 0.190983
0.8 0.4 0.190983
1 0.4 0.190983
0 0.6 0.190983
0.2 0.6 0.190983
0.4 0.6 0.190983
0.6 0.6 0.190983
0.8 0.6 0.190983
1 0.6 0.190983
0 0.8 0.190983
0.2 0.8 0.190983
0.4 0.8 0.190983
0.6 0.8 0.190983
0.8 0.8 0.190983
1 0.8 0.190983
0 1 0.190983
0.2 1 0.190983
0.4 1 0.190983
0.6 1 0.190983
0.8 1 0.190983
1 1 0.190983
0 0 0.292893
0.2 0 0.292893
0.4 0 0.292893
0.6 0 0.292893
0.8 0 0.292893
1 0 0.292893
0 0.2 0.292893
0.2 0.2 0.292893
0.4 0.2 0.292893
0.6 0.2 0.292893
0.8 0.2 0.292893
1 0.2 0.292893
0 0.4 0.292893
0.2 0.4 0.292893
0.4 0.4 0.292893
0.6 0.4 0.292893
0.8 0.4 0.292893
1 0.4 0.292893
0 0.6 0.292893
0.2 0.6 0.292893
0.4 0.6 0.292893
0.6 0.6 0.292893
0.8 0.6 0.292893
1 0.6 0.292893
0 0.8 0.292893
0.2 0.8 0.292893
0.4 0.8 0.292893
0.6 0.8 0.292893
0.8 0.8 0.292893
1 0.8 0.292893
0 1 0.292893
0.2 1 0.292893
0.4 1 0.292893
0.6 1 0.292893
0.8 1 0.292893
1 1 0.292893
0 0 0.412215
0.2 0 0.412215
0.4 0 0.412215
0.6 0 0.412215
0.8 0 0.412215
1 0 0.412215
0 0.2 0.412215
0.2 0.2 0.412215
0.4 0.2 0.412215
0.6 0.2 0.412215
0.8 0.2 0.412215
1 0.2 0.412215
0 0.4 0.412215
0.2 0.4 0.412215
0.4 0.4 0.412215
0.6 0.4 0.412215
0.8 0.4 0.412215
1 0.4 0.412215
0 0.6 0.412215
0.2 0.6 0.412215
0.4 0.6 0.412215
0.6 0.6 0.412215
0.8 0.6 0.412215
1 0.6 0.412215
0 0.8 0.412215
0.2 0.8 0.412215
0.4 0.8 0.412215
0.6 0.8 0.412215
0.8 0.8 0.412215
1 0.8 0.412215
0 1 0.412215
0.2 1 0.412215
0.4 1 0.412215
0.6 1 0.412215
0.8 1 0.412215
1 1 0.412215
0 0 0.54601
0.2 0 0.54601
0.4 0 0.54601
0.6 0 0.54601
0.8 0 0.54601
1 0 0.54601
0 0.2 0.54601
0.2 0.2 0.54601
0.4 0.2 0.54601
0.6 0.2 0.54601
0.8 0.2 0.54601
1 0.2 0.54601
0 0.4 0.54601
0.2 0.4 0.54601
0.4 0.4 0.54601
0.6 0.4 0.54601
0.8 0.4 0.54601
1 0.4 0.54601
0 0.6 0.54601
0.2 0.6 0.54601
0.4 0.6 0.54601
0.6 0.6 0.54601
0.8 0.6 0.54601
1 0.6 0.54601
0 0.8 0.54601
0.2 0.8 0.54601
0.4 0.8 0.54601
0.6 0.8 0.54601
0.8 0.8 0.54601
1 0.8 0.54601
0 1 0.54601
0.2 1 0.54601
0.4 1 0.54601
0.6 1 0.54601
0.8 1 0.54601
1 1 0.54601
0 0 0.690983
0.2 0 0.690983
0.4 0 0.690983
0.6 0 0.690983
0.8 0 0.690983
1 0 0.690983
0 0.2 0.690983
0.2 0.2 0.690983
0.4 0.2 0.690983
0.6 0.2 0.690983
0.8 0.2 0.690983
1 0.2 0.690983
0 0.4 0.690983
0.2 0.4 0.690983
0.4 0.4 0.690983
0.6 0.4 0.690983
0.8 0.4 0.690983
1 0.4 0.690983
0 0.6 0.690983
0.2 0.6 0.690983
0.4 0.6 0.690983
0.6 0.6 0.690983
0.8 0.6 0.690983
1 0.6 0.690983
0 0.8 0.690983
0.2 0.8 0.690983
0.4 0.8 0.690983
0.6 0.8 0.690983
0.8 0.8 0.690983
1 0.8 0.690983
0 1 0.690983
0.2 1 0.690983
0.4 1 0.690983
0.6 1 0.690983
0.8 1 0.690983
1 1 0.690983
0 0 0.843566
0.2 0 0.843566
0.4 0 0.843566
0.6 0 0.843566
0.8 0 0.843566
1 0 0.843566
0 0.2 0.843566
0.2 0.2 0.843566
0.4 0.2 0.843566
0.6 0.2 0.843566
0.8 0.2 0.843566
1 0.2 0.843566
0 0.4 0.843566
0.2 0.4 0.843566
0.4 0.4 0.843566
0.6 0.4 0.843566
0.8 0.4 0.843566
1 0.4 0.843566
0 0.6 0.843566
0.2 0.6 0.843566
0.4 0.6 0.843566
0.6 0.6 0.843566
0.8 0.6 0.843566
1 0.6 0.843566
0 0.8 0.843566
0.2 0.8 0.843566
0.4 0.8 0.843566
0.6 0.8 0.843566
0.8 0.8 0.843566
1 0.8 0.843566
0 1 0.843566
0.2 1 0.843566
0.4 1 0.843566
0.6 1 0.843566
0.8 1 0.843566
1 1 0.843566
0 0 1
0.2 0 1
0.4 0 1
0.6 0 1
0.8 0 1
1 0 1
0 0.2 1
0.2 0.2 1
0.4 0.2 1
0.6 0.2 1
0.8 0.2 1
1 0.2 1
0 0.4 1
0.2 0.4 1
0.4 0.4 1
0.6 0.4 1
0.8 0.4 1
1 0.4 1
0 0.6 1
0.2 0.6 1
0.4 0.6 1
0.6 0.6 1
0.8 0.6 1
1 0.6 1
0 0.8 1
0.2 0.8 1
0.4 0.8 1
0.6 0.8 1
0.8 0.8 1
1 0.8 1
0 1 1
0.2 1 1
0.4 1 1
0.6 1 1
0.8 1 1
1 1 1